/*--------------------------------*- C++ -*----------------------------------*\
| =========                 |                                                 |
| \\      /  F ield         | OpenFOAM: The Open Source CFD Toolbox           |
|  \\    /   O peration     | Version:  1.6.y                                 |
|   \\  /    A nd           | Web:      www.OpenFOAM.org                      |
|    \\/     M anipulation  |                                                 |
\*---------------------------------------------------------------------------*/
FoamFile
{
    version     2.0;
    format      ascii;
    class       faceList;
    location    "constant/polyMesh";
    object      faces;
}
// * * * * * * * * * * * * * * * * * * * * * * * * * * * * * * * * * * * * * //


3064
(
4(1 6 461 456)
4(5 460 461 6)
4(2 7 462 457)
4(6 461 462 7)
4(3 8 463 458)
4(7 462 463 8)
4(8 463 464 9)
4(6 11 466 461)
4(10 465 466 11)
4(7 12 467 462)
4(11 466 467 12)
4(8 13 468 463)
4(12 467 468 13)
4(13 468 469 14)
4(11 16 471 466)
4(15 470 471 16)
4(12 17 472 467)
4(16 471 472 17)
4(13 18 473 468)
4(17 472 473 18)
4(18 473 474 19)
4(16 21 476 471)
4(20 475 476 21)
4(17 22 477 472)
4(21 476 477 22)
4(18 23 478 473)
4(22 477 478 23)
4(23 478 479 24)
4(21 26 481 476)
4(25 480 481 26)
4(22 27 482 477)
4(26 481 482 27)
4(23 28 483 478)
4(27 482 483 28)
4(28 483 484 29)
4(26 31 486 481)
4(30 485 486 31)
4(27 32 487 482)
4(31 486 487 32)
4(28 33 488 483)
4(32 487 488 33)
4(33 488 489 34)
4(31 36 491 486)
4(35 490 491 36)
4(32 37 492 487)
4(36 491 492 37)
4(33 38 493 488)
4(37 492 493 38)
4(38 493 494 39)
4(36 41 496 491)
4(40 495 496 41)
4(37 42 497 492)
4(41 496 497 42)
4(38 43 498 493)
4(42 497 498 43)
4(43 498 499 44)
4(41 46 501 496)
4(45 500 501 46)
4(42 47 502 497)
4(46 501 502 47)
4(43 48 503 498)
4(47 502 503 48)
4(48 503 504 49)
4(46 51 506 501)
4(50 505 506 51)
4(47 52 507 502)
4(51 506 507 52)
4(48 53 508 503)
4(52 507 508 53)
4(53 508 509 54)
4(51 56 511 506)
4(55 510 511 56)
4(52 57 512 507)
4(56 511 512 57)
4(53 58 513 508)
4(57 512 513 58)
4(58 513 514 59)
4(56 61 516 511)
4(60 515 516 61)
4(57 62 517 512)
4(61 516 517 62)
4(58 63 518 513)
4(62 517 518 63)
4(63 518 519 64)
4(61 66 521 516)
4(65 520 521 66)
4(62 67 522 517)
4(66 521 522 67)
4(63 68 523 518)
4(67 522 523 68)
4(68 523 524 69)
4(66 71 526 521)
4(70 525 526 71)
4(67 72 527 522)
4(71 526 527 72)
4(68 73 528 523)
4(72 527 528 73)
4(73 528 529 74)
4(71 76 531 526)
4(75 530 531 76)
4(72 77 532 527)
4(76 531 532 77)
4(73 78 533 528)
4(77 532 533 78)
4(78 533 534 79)
4(76 81 536 531)
4(80 535 536 81)
4(77 82 537 532)
4(81 536 537 82)
4(78 83 538 533)
4(82 537 538 83)
4(83 538 539 84)
4(81 86 541 536)
4(85 540 541 86)
4(82 87 542 537)
4(86 541 542 87)
4(83 88 543 538)
4(87 542 543 88)
4(88 543 544 89)
4(86 91 546 541)
4(90 545 546 91)
4(87 92 547 542)
4(91 546 547 92)
4(88 93 548 543)
4(92 547 548 93)
4(93 548 549 94)
4(91 96 551 546)
4(95 550 551 96)
4(92 97 552 547)
4(96 551 552 97)
4(93 98 553 548)
4(97 552 553 98)
4(98 553 554 99)
4(96 101 556 551)
4(100 555 556 101)
4(97 102 557 552)
4(101 556 557 102)
4(98 103 558 553)
4(102 557 558 103)
4(103 558 559 104)
4(101 106 561 556)
4(105 560 561 106)
4(102 107 562 557)
4(106 561 562 107)
4(103 108 563 558)
4(107 562 563 108)
4(108 563 564 109)
4(106 111 566 561)
4(110 565 566 111)
4(107 112 567 562)
4(111 566 567 112)
4(108 113 568 563)
4(112 567 568 113)
4(113 568 569 114)
4(111 116 571 566)
4(115 570 571 116)
4(112 117 572 567)
4(116 571 572 117)
4(113 118 573 568)
4(117 572 573 118)
4(118 573 574 119)
4(116 121 576 571)
4(120 575 576 121)
4(117 122 577 572)
4(121 576 577 122)
4(118 123 578 573)
4(122 577 578 123)
4(123 578 579 124)
4(121 126 581 576)
4(125 580 581 126)
4(122 127 582 577)
4(126 581 582 127)
4(123 128 583 578)
4(127 582 583 128)
4(128 583 584 129)
4(126 131 586 581)
4(130 585 586 131)
4(127 132 587 582)
4(131 586 587 132)
4(128 133 588 583)
4(132 587 588 133)
4(133 588 589 134)
4(131 136 591 586)
4(135 590 591 136)
4(132 137 592 587)
4(136 591 592 137)
4(133 138 593 588)
4(137 592 593 138)
4(138 593 594 139)
4(136 141 596 591)
4(140 595 596 141)
4(137 142 597 592)
4(141 596 597 142)
4(138 143 598 593)
4(142 597 598 143)
4(143 598 599 144)
4(141 146 601 596)
4(145 600 601 146)
4(142 147 602 597)
4(146 601 602 147)
4(143 148 603 598)
4(147 602 603 148)
4(148 603 604 149)
4(146 151 606 601)
4(150 605 606 151)
4(147 152 607 602)
4(151 606 607 152)
4(148 153 608 603)
4(152 607 608 153)
4(153 608 609 154)
4(151 156 611 606)
4(155 610 611 156)
4(152 157 612 607)
4(156 611 612 157)
4(153 158 613 608)
4(157 612 613 158)
4(158 613 614 159)
4(156 161 616 611)
4(160 615 616 161)
4(157 162 617 612)
4(161 616 617 162)
4(158 163 618 613)
4(162 617 618 163)
4(163 618 619 164)
4(161 166 621 616)
4(165 620 621 166)
4(162 167 622 617)
4(166 621 622 167)
4(163 168 623 618)
4(167 622 623 168)
4(168 623 624 169)
4(166 171 626 621)
4(170 625 626 171)
4(167 172 627 622)
4(171 626 627 172)
4(168 173 628 623)
4(172 627 628 173)
4(173 628 629 174)
4(171 176 631 626)
4(175 630 631 176)
4(172 177 632 627)
4(176 631 632 177)
4(173 178 633 628)
4(177 632 633 178)
4(178 633 634 179)
4(176 181 636 631)
4(180 635 636 181)
4(177 182 637 632)
4(181 636 637 182)
4(178 183 638 633)
4(182 637 638 183)
4(183 638 639 184)
4(181 186 641 636)
4(185 640 641 186)
4(182 187 642 637)
4(186 641 642 187)
4(183 188 643 638)
4(187 642 643 188)
4(188 643 644 189)
4(186 191 646 641)
4(190 645 646 191)
4(187 192 647 642)
4(191 646 647 192)
4(188 193 648 643)
4(192 647 648 193)
4(193 648 649 194)
4(191 196 651 646)
4(195 650 651 196)
4(192 197 652 647)
4(196 651 652 197)
4(193 198 653 648)
4(197 652 653 198)
4(198 653 654 199)
4(196 201 656 651)
4(200 655 656 201)
4(197 202 657 652)
4(201 656 657 202)
4(198 203 658 653)
4(202 657 658 203)
4(203 658 659 204)
4(201 206 661 656)
4(205 660 661 206)
4(202 207 662 657)
4(206 661 662 207)
4(203 208 663 658)
4(207 662 663 208)
4(208 663 664 209)
4(206 211 666 661)
4(210 665 666 211)
4(207 212 667 662)
4(211 666 667 212)
4(208 213 668 663)
4(212 667 668 213)
4(213 668 669 214)
4(211 216 671 666)
4(215 670 671 216)
4(212 217 672 667)
4(216 671 672 217)
4(213 218 673 668)
4(217 672 673 218)
4(218 673 674 219)
4(216 221 676 671)
4(220 675 676 221)
4(217 222 677 672)
4(221 676 677 222)
4(218 223 678 673)
4(222 677 678 223)
4(223 678 679 224)
4(221 226 681 676)
4(225 680 681 226)
4(222 227 682 677)
4(226 681 682 227)
4(223 228 683 678)
4(227 682 683 228)
4(228 683 684 229)
4(226 231 686 681)
4(230 685 686 231)
4(227 232 687 682)
4(231 686 687 232)
4(228 233 688 683)
4(232 687 688 233)
4(233 688 689 234)
4(231 236 691 686)
4(235 690 691 236)
4(232 237 692 687)
4(236 691 692 237)
4(233 238 693 688)
4(237 692 693 238)
4(238 693 694 239)
4(236 241 696 691)
4(240 695 696 241)
4(237 242 697 692)
4(241 696 697 242)
4(238 243 698 693)
4(242 697 698 243)
4(243 698 699 244)
4(241 246 701 696)
4(245 700 701 246)
4(242 247 702 697)
4(246 701 702 247)
4(243 248 703 698)
4(247 702 703 248)
4(248 703 704 249)
4(246 251 706 701)
4(250 705 706 251)
4(247 252 707 702)
4(251 706 707 252)
4(248 253 708 703)
4(252 707 708 253)
4(253 708 709 254)
4(251 256 711 706)
4(255 710 711 256)
4(252 257 712 707)
4(256 711 712 257)
4(253 258 713 708)
4(257 712 713 258)
4(258 713 714 259)
4(256 261 716 711)
4(260 715 716 261)
4(257 262 717 712)
4(261 716 717 262)
4(258 263 718 713)
4(262 717 718 263)
4(263 718 719 264)
4(261 266 721 716)
4(265 720 721 266)
4(262 267 722 717)
4(266 721 722 267)
4(263 268 723 718)
4(267 722 723 268)
4(268 723 724 269)
4(266 271 726 721)
4(270 725 726 271)
4(267 272 727 722)
4(271 726 727 272)
4(268 273 728 723)
4(272 727 728 273)
4(273 728 729 274)
4(271 276 731 726)
4(275 730 731 276)
4(272 277 732 727)
4(276 731 732 277)
4(273 278 733 728)
4(277 732 733 278)
4(278 733 734 279)
4(276 281 736 731)
4(280 735 736 281)
4(277 282 737 732)
4(281 736 737 282)
4(278 283 738 733)
4(282 737 738 283)
4(283 738 739 284)
4(281 286 741 736)
4(285 740 741 286)
4(282 287 742 737)
4(286 741 742 287)
4(283 288 743 738)
4(287 742 743 288)
4(288 743 744 289)
4(286 291 746 741)
4(290 745 746 291)
4(287 292 747 742)
4(291 746 747 292)
4(288 293 748 743)
4(292 747 748 293)
4(293 748 749 294)
4(291 296 751 746)
4(295 750 751 296)
4(292 297 752 747)
4(296 751 752 297)
4(293 298 753 748)
4(297 752 753 298)
4(298 753 754 299)
4(296 301 756 751)
4(300 755 756 301)
4(297 302 757 752)
4(301 756 757 302)
4(298 303 758 753)
4(302 757 758 303)
4(303 758 759 304)
4(301 306 761 756)
4(305 760 761 306)
4(302 307 762 757)
4(306 761 762 307)
4(303 308 763 758)
4(307 762 763 308)
4(308 763 764 309)
4(306 311 766 761)
4(310 765 766 311)
4(307 312 767 762)
4(311 766 767 312)
4(308 313 768 763)
4(312 767 768 313)
4(313 768 769 314)
4(311 316 771 766)
4(315 770 771 316)
4(312 317 772 767)
4(316 771 772 317)
4(313 318 773 768)
4(317 772 773 318)
4(318 773 774 319)
4(316 321 776 771)
4(320 775 776 321)
4(317 322 777 772)
4(321 776 777 322)
4(318 323 778 773)
4(322 777 778 323)
4(323 778 779 324)
4(321 326 781 776)
4(325 780 781 326)
4(322 327 782 777)
4(326 781 782 327)
4(323 328 783 778)
4(327 782 783 328)
4(328 783 784 329)
4(326 331 786 781)
4(330 785 786 331)
4(327 332 787 782)
4(331 786 787 332)
4(328 333 788 783)
4(332 787 788 333)
4(333 788 789 334)
4(331 336 791 786)
4(335 790 791 336)
4(332 337 792 787)
4(336 791 792 337)
4(333 338 793 788)
4(337 792 793 338)
4(338 793 794 339)
4(336 341 796 791)
4(340 795 796 341)
4(337 342 797 792)
4(341 796 797 342)
4(338 343 798 793)
4(342 797 798 343)
4(343 798 799 344)
4(341 346 801 796)
4(345 800 801 346)
4(342 347 802 797)
4(346 801 802 347)
4(343 348 803 798)
4(347 802 803 348)
4(348 803 804 349)
4(346 351 806 801)
4(350 805 806 351)
4(347 352 807 802)
4(351 806 807 352)
4(348 353 808 803)
4(352 807 808 353)
4(353 808 809 354)
4(351 356 811 806)
4(355 810 811 356)
4(352 357 812 807)
4(356 811 812 357)
4(353 358 813 808)
4(357 812 813 358)
4(358 813 814 359)
4(356 361 816 811)
4(360 815 816 361)
4(357 362 817 812)
4(361 816 817 362)
4(358 363 818 813)
4(362 817 818 363)
4(363 818 819 364)
4(361 366 821 816)
4(365 820 821 366)
4(362 367 822 817)
4(366 821 822 367)
4(363 368 823 818)
4(367 822 823 368)
4(368 823 824 369)
4(366 371 826 821)
4(370 825 826 371)
4(367 372 827 822)
4(371 826 827 372)
4(368 373 828 823)
4(372 827 828 373)
4(373 828 829 374)
4(371 376 831 826)
4(375 830 831 376)
4(372 377 832 827)
4(376 831 832 377)
4(373 378 833 828)
4(377 832 833 378)
4(378 833 834 379)
4(376 381 836 831)
4(380 835 836 381)
4(377 382 837 832)
4(381 836 837 382)
4(378 383 838 833)
4(382 837 838 383)
4(383 838 839 384)
4(381 386 841 836)
4(385 840 841 386)
4(382 387 842 837)
4(386 841 842 387)
4(383 388 843 838)
4(387 842 843 388)
4(388 843 844 389)
4(386 391 846 841)
4(390 845 846 391)
4(387 392 847 842)
4(391 846 847 392)
4(388 393 848 843)
4(392 847 848 393)
4(393 848 849 394)
4(391 396 851 846)
4(395 850 851 396)
4(392 397 852 847)
4(396 851 852 397)
4(393 398 853 848)
4(397 852 853 398)
4(398 853 854 399)
4(396 401 856 851)
4(400 855 856 401)
4(397 402 857 852)
4(401 856 857 402)
4(398 403 858 853)
4(402 857 858 403)
4(403 858 859 404)
4(401 406 861 856)
4(405 860 861 406)
4(402 407 862 857)
4(406 861 862 407)
4(403 408 863 858)
4(407 862 863 408)
4(408 863 864 409)
4(406 411 866 861)
4(410 865 866 411)
4(407 412 867 862)
4(411 866 867 412)
4(408 413 868 863)
4(412 867 868 413)
4(413 868 869 414)
4(411 416 871 866)
4(415 870 871 416)
4(412 417 872 867)
4(416 871 872 417)
4(413 418 873 868)
4(417 872 873 418)
4(418 873 874 419)
4(416 421 876 871)
4(420 875 876 421)
4(417 422 877 872)
4(421 876 877 422)
4(418 423 878 873)
4(422 877 878 423)
4(423 878 879 424)
4(421 426 881 876)
4(425 880 881 426)
4(422 427 882 877)
4(426 881 882 427)
4(423 428 883 878)
4(427 882 883 428)
4(428 883 884 429)
4(426 431 886 881)
4(430 885 886 431)
4(427 432 887 882)
4(431 886 887 432)
4(428 433 888 883)
4(432 887 888 433)
4(433 888 889 434)
4(431 436 891 886)
4(435 890 891 436)
4(432 437 892 887)
4(436 891 892 437)
4(433 438 893 888)
4(437 892 893 438)
4(438 893 894 439)
4(436 441 896 891)
4(440 895 896 441)
4(437 442 897 892)
4(441 896 897 442)
4(438 443 898 893)
4(442 897 898 443)
4(443 898 899 444)
4(441 446 901 896)
4(445 900 901 446)
4(442 447 902 897)
4(446 901 902 447)
4(443 448 903 898)
4(447 902 903 448)
4(448 903 904 449)
4(446 451 906 901)
4(450 905 906 451)
4(447 452 907 902)
4(451 906 907 452)
4(448 453 908 903)
4(452 907 908 453)
4(453 908 909 454)
4(451 911 1361 906)
4(910 1360 1361 911)
4(452 912 1362 907)
4(911 1361 1362 912)
4(453 913 1363 908)
4(912 1362 1363 913)
4(913 1363 1364 914)
4(911 916 1366 1361)
4(915 1365 1366 916)
4(912 917 1367 1362)
4(916 1366 1367 917)
4(913 918 1368 1363)
4(917 1367 1368 918)
4(918 1368 1369 919)
4(916 921 1371 1366)
4(920 1370 1371 921)
4(917 922 1372 1367)
4(921 1371 1372 922)
4(918 923 1373 1368)
4(922 1372 1373 923)
4(923 1373 1374 924)
4(921 926 1376 1371)
4(925 1375 1376 926)
4(922 927 1377 1372)
4(926 1376 1377 927)
4(923 928 1378 1373)
4(927 1377 1378 928)
4(928 1378 1379 929)
4(926 931 1381 1376)
4(930 1380 1381 931)
4(927 932 1382 1377)
4(931 1381 1382 932)
4(928 933 1383 1378)
4(932 1382 1383 933)
4(933 1383 1384 934)
4(931 936 1386 1381)
4(935 1385 1386 936)
4(932 937 1387 1382)
4(936 1386 1387 937)
4(933 938 1388 1383)
4(937 1387 1388 938)
4(938 1388 1389 939)
4(936 941 1391 1386)
4(940 1390 1391 941)
4(937 942 1392 1387)
4(941 1391 1392 942)
4(938 943 1393 1388)
4(942 1392 1393 943)
4(943 1393 1394 944)
4(941 946 1396 1391)
4(945 1395 1396 946)
4(942 947 1397 1392)
4(946 1396 1397 947)
4(943 948 1398 1393)
4(947 1397 1398 948)
4(948 1398 1399 949)
4(946 951 1401 1396)
4(950 1400 1401 951)
4(947 952 1402 1397)
4(951 1401 1402 952)
4(948 953 1403 1398)
4(952 1402 1403 953)
4(953 1403 1404 954)
4(951 956 1406 1401)
4(955 1405 1406 956)
4(952 957 1407 1402)
4(956 1406 1407 957)
4(953 958 1408 1403)
4(957 1407 1408 958)
4(958 1408 1409 959)
4(956 961 1411 1406)
4(960 1410 1411 961)
4(957 962 1412 1407)
4(961 1411 1412 962)
4(958 963 1413 1408)
4(962 1412 1413 963)
4(963 1413 1414 964)
4(961 966 1416 1411)
4(965 1415 1416 966)
4(962 967 1417 1412)
4(966 1416 1417 967)
4(963 968 1418 1413)
4(967 1417 1418 968)
4(968 1418 1419 969)
4(966 971 1421 1416)
4(970 1420 1421 971)
4(967 972 1422 1417)
4(971 1421 1422 972)
4(968 973 1423 1418)
4(972 1422 1423 973)
4(973 1423 1424 974)
4(971 976 1426 1421)
4(975 1425 1426 976)
4(972 977 1427 1422)
4(976 1426 1427 977)
4(973 978 1428 1423)
4(977 1427 1428 978)
4(978 1428 1429 979)
4(976 981 1431 1426)
4(980 1430 1431 981)
4(977 982 1432 1427)
4(981 1431 1432 982)
4(978 983 1433 1428)
4(982 1432 1433 983)
4(983 1433 1434 984)
4(981 986 1436 1431)
4(985 1435 1436 986)
4(982 987 1437 1432)
4(986 1436 1437 987)
4(983 988 1438 1433)
4(987 1437 1438 988)
4(988 1438 1439 989)
4(986 991 1441 1436)
4(990 1440 1441 991)
4(987 992 1442 1437)
4(991 1441 1442 992)
4(988 993 1443 1438)
4(992 1442 1443 993)
4(993 1443 1444 994)
4(991 996 1446 1441)
4(995 1445 1446 996)
4(992 997 1447 1442)
4(996 1446 1447 997)
4(993 998 1448 1443)
4(997 1447 1448 998)
4(998 1448 1449 999)
4(996 1001 1451 1446)
4(1000 1450 1451 1001)
4(997 1002 1452 1447)
4(1001 1451 1452 1002)
4(998 1003 1453 1448)
4(1002 1452 1453 1003)
4(1003 1453 1454 1004)
4(1001 1006 1456 1451)
4(1005 1455 1456 1006)
4(1002 1007 1457 1452)
4(1006 1456 1457 1007)
4(1003 1008 1458 1453)
4(1007 1457 1458 1008)
4(1008 1458 1459 1009)
4(1006 1011 1461 1456)
4(1010 1460 1461 1011)
4(1007 1012 1462 1457)
4(1011 1461 1462 1012)
4(1008 1013 1463 1458)
4(1012 1462 1463 1013)
4(1013 1463 1464 1014)
4(1011 1016 1466 1461)
4(1015 1465 1466 1016)
4(1012 1017 1467 1462)
4(1016 1466 1467 1017)
4(1013 1018 1468 1463)
4(1017 1467 1468 1018)
4(1018 1468 1469 1019)
4(1016 1021 1471 1466)
4(1020 1470 1471 1021)
4(1017 1022 1472 1467)
4(1021 1471 1472 1022)
4(1018 1023 1473 1468)
4(1022 1472 1473 1023)
4(1023 1473 1474 1024)
4(1021 1026 1476 1471)
4(1025 1475 1476 1026)
4(1022 1027 1477 1472)
4(1026 1476 1477 1027)
4(1023 1028 1478 1473)
4(1027 1477 1478 1028)
4(1028 1478 1479 1029)
4(1026 1031 1481 1476)
4(1030 1480 1481 1031)
4(1027 1032 1482 1477)
4(1031 1481 1482 1032)
4(1028 1033 1483 1478)
4(1032 1482 1483 1033)
4(1033 1483 1484 1034)
4(1031 1036 1486 1481)
4(1035 1485 1486 1036)
4(1032 1037 1487 1482)
4(1036 1486 1487 1037)
4(1033 1038 1488 1483)
4(1037 1487 1488 1038)
4(1038 1488 1489 1039)
4(1036 1041 1491 1486)
4(1040 1490 1491 1041)
4(1037 1042 1492 1487)
4(1041 1491 1492 1042)
4(1038 1043 1493 1488)
4(1042 1492 1493 1043)
4(1043 1493 1494 1044)
4(1041 1046 1496 1491)
4(1045 1495 1496 1046)
4(1042 1047 1497 1492)
4(1046 1496 1497 1047)
4(1043 1048 1498 1493)
4(1047 1497 1498 1048)
4(1048 1498 1499 1049)
4(1046 1051 1501 1496)
4(1050 1500 1501 1051)
4(1047 1052 1502 1497)
4(1051 1501 1502 1052)
4(1048 1053 1503 1498)
4(1052 1502 1503 1053)
4(1053 1503 1504 1054)
4(1051 1056 1506 1501)
4(1055 1505 1506 1056)
4(1052 1057 1507 1502)
4(1056 1506 1507 1057)
4(1053 1058 1508 1503)
4(1057 1507 1508 1058)
4(1058 1508 1509 1059)
4(1056 1061 1511 1506)
4(1060 1510 1511 1061)
4(1057 1062 1512 1507)
4(1061 1511 1512 1062)
4(1058 1063 1513 1508)
4(1062 1512 1513 1063)
4(1063 1513 1514 1064)
4(1061 1066 1516 1511)
4(1065 1515 1516 1066)
4(1062 1067 1517 1512)
4(1066 1516 1517 1067)
4(1063 1068 1518 1513)
4(1067 1517 1518 1068)
4(1068 1518 1519 1069)
4(1066 1071 1521 1516)
4(1070 1520 1521 1071)
4(1067 1072 1522 1517)
4(1071 1521 1522 1072)
4(1068 1073 1523 1518)
4(1072 1522 1523 1073)
4(1073 1523 1524 1074)
4(1071 1076 1526 1521)
4(1075 1525 1526 1076)
4(1072 1077 1527 1522)
4(1076 1526 1527 1077)
4(1073 1078 1528 1523)
4(1077 1527 1528 1078)
4(1078 1528 1529 1079)
4(1076 1081 1531 1526)
4(1080 1530 1531 1081)
4(1077 1082 1532 1527)
4(1081 1531 1532 1082)
4(1078 1083 1533 1528)
4(1082 1532 1533 1083)
4(1083 1533 1534 1084)
4(1081 1086 1536 1531)
4(1085 1535 1536 1086)
4(1082 1087 1537 1532)
4(1086 1536 1537 1087)
4(1083 1088 1538 1533)
4(1087 1537 1538 1088)
4(1088 1538 1539 1089)
4(1086 1091 1541 1536)
4(1090 1540 1541 1091)
4(1087 1092 1542 1537)
4(1091 1541 1542 1092)
4(1088 1093 1543 1538)
4(1092 1542 1543 1093)
4(1093 1543 1544 1094)
4(1091 1096 1546 1541)
4(1095 1545 1546 1096)
4(1092 1097 1547 1542)
4(1096 1546 1547 1097)
4(1093 1098 1548 1543)
4(1097 1547 1548 1098)
4(1098 1548 1549 1099)
4(1096 1101 1551 1546)
4(1100 1550 1551 1101)
4(1097 1102 1552 1547)
4(1101 1551 1552 1102)
4(1098 1103 1553 1548)
4(1102 1552 1553 1103)
4(1103 1553 1554 1104)
4(1101 1106 1556 1551)
4(1105 1555 1556 1106)
4(1102 1107 1557 1552)
4(1106 1556 1557 1107)
4(1103 1108 1558 1553)
4(1107 1557 1558 1108)
4(1108 1558 1559 1109)
4(1106 1111 1561 1556)
4(1110 1560 1561 1111)
4(1107 1112 1562 1557)
4(1111 1561 1562 1112)
4(1108 1113 1563 1558)
4(1112 1562 1563 1113)
4(1113 1563 1564 1114)
4(1111 1116 1566 1561)
4(1115 1565 1566 1116)
4(1112 1117 1567 1562)
4(1116 1566 1567 1117)
4(1113 1118 1568 1563)
4(1117 1567 1568 1118)
4(1118 1568 1569 1119)
4(1116 1121 1571 1566)
4(1120 1570 1571 1121)
4(1117 1122 1572 1567)
4(1121 1571 1572 1122)
4(1118 1123 1573 1568)
4(1122 1572 1573 1123)
4(1123 1573 1574 1124)
4(1121 1126 1576 1571)
4(1125 1575 1576 1126)
4(1122 1127 1577 1572)
4(1126 1576 1577 1127)
4(1123 1128 1578 1573)
4(1127 1577 1578 1128)
4(1128 1578 1579 1129)
4(1126 1131 1581 1576)
4(1130 1580 1581 1131)
4(1127 1132 1582 1577)
4(1131 1581 1582 1132)
4(1128 1133 1583 1578)
4(1132 1582 1583 1133)
4(1133 1583 1584 1134)
4(1131 1136 1586 1581)
4(1135 1585 1586 1136)
4(1132 1137 1587 1582)
4(1136 1586 1587 1137)
4(1133 1138 1588 1583)
4(1137 1587 1588 1138)
4(1138 1588 1589 1139)
4(1136 1141 1591 1586)
4(1140 1590 1591 1141)
4(1137 1142 1592 1587)
4(1141 1591 1592 1142)
4(1138 1143 1593 1588)
4(1142 1592 1593 1143)
4(1143 1593 1594 1144)
4(1141 1146 1596 1591)
4(1145 1595 1596 1146)
4(1142 1147 1597 1592)
4(1146 1596 1597 1147)
4(1143 1148 1598 1593)
4(1147 1597 1598 1148)
4(1148 1598 1599 1149)
4(1146 1151 1601 1596)
4(1150 1600 1601 1151)
4(1147 1152 1602 1597)
4(1151 1601 1602 1152)
4(1148 1153 1603 1598)
4(1152 1602 1603 1153)
4(1153 1603 1604 1154)
4(1151 1156 1606 1601)
4(1155 1605 1606 1156)
4(1152 1157 1607 1602)
4(1156 1606 1607 1157)
4(1153 1158 1608 1603)
4(1157 1607 1608 1158)
4(1158 1608 1609 1159)
4(1156 1161 1611 1606)
4(1160 1610 1611 1161)
4(1157 1162 1612 1607)
4(1161 1611 1612 1162)
4(1158 1163 1613 1608)
4(1162 1612 1613 1163)
4(1163 1613 1614 1164)
4(1161 1166 1616 1611)
4(1165 1615 1616 1166)
4(1162 1167 1617 1612)
4(1166 1616 1617 1167)
4(1163 1168 1618 1613)
4(1167 1617 1618 1168)
4(1168 1618 1619 1169)
4(1166 1171 1621 1616)
4(1170 1620 1621 1171)
4(1167 1172 1622 1617)
4(1171 1621 1622 1172)
4(1168 1173 1623 1618)
4(1172 1622 1623 1173)
4(1173 1623 1624 1174)
4(1171 1176 1626 1621)
4(1175 1625 1626 1176)
4(1172 1177 1627 1622)
4(1176 1626 1627 1177)
4(1173 1178 1628 1623)
4(1177 1627 1628 1178)
4(1178 1628 1629 1179)
4(1176 1181 1631 1626)
4(1180 1630 1631 1181)
4(1177 1182 1632 1627)
4(1181 1631 1632 1182)
4(1178 1183 1633 1628)
4(1182 1632 1633 1183)
4(1183 1633 1634 1184)
4(1181 1186 1636 1631)
4(1185 1635 1636 1186)
4(1182 1187 1637 1632)
4(1186 1636 1637 1187)
4(1183 1188 1638 1633)
4(1187 1637 1638 1188)
4(1188 1638 1639 1189)
4(1186 1191 1641 1636)
4(1190 1640 1641 1191)
4(1187 1192 1642 1637)
4(1191 1641 1642 1192)
4(1188 1193 1643 1638)
4(1192 1642 1643 1193)
4(1193 1643 1644 1194)
4(1191 1196 1646 1641)
4(1195 1645 1646 1196)
4(1192 1197 1647 1642)
4(1196 1646 1647 1197)
4(1193 1198 1648 1643)
4(1197 1647 1648 1198)
4(1198 1648 1649 1199)
4(1196 1201 1651 1646)
4(1200 1650 1651 1201)
4(1197 1202 1652 1647)
4(1201 1651 1652 1202)
4(1198 1203 1653 1648)
4(1202 1652 1653 1203)
4(1203 1653 1654 1204)
4(1201 1206 1656 1651)
4(1205 1655 1656 1206)
4(1202 1207 1657 1652)
4(1206 1656 1657 1207)
4(1203 1208 1658 1653)
4(1207 1657 1658 1208)
4(1208 1658 1659 1209)
4(1206 1211 1661 1656)
4(1210 1660 1661 1211)
4(1207 1212 1662 1657)
4(1211 1661 1662 1212)
4(1208 1213 1663 1658)
4(1212 1662 1663 1213)
4(1213 1663 1664 1214)
4(1211 1216 1666 1661)
4(1215 1665 1666 1216)
4(1212 1217 1667 1662)
4(1216 1666 1667 1217)
4(1213 1218 1668 1663)
4(1217 1667 1668 1218)
4(1218 1668 1669 1219)
4(1216 1221 1671 1666)
4(1220 1670 1671 1221)
4(1217 1222 1672 1667)
4(1221 1671 1672 1222)
4(1218 1223 1673 1668)
4(1222 1672 1673 1223)
4(1223 1673 1674 1224)
4(1221 1226 1676 1671)
4(1225 1675 1676 1226)
4(1222 1227 1677 1672)
4(1226 1676 1677 1227)
4(1223 1228 1678 1673)
4(1227 1677 1678 1228)
4(1228 1678 1679 1229)
4(1226 1231 1681 1676)
4(1230 1680 1681 1231)
4(1227 1232 1682 1677)
4(1231 1681 1682 1232)
4(1228 1233 1683 1678)
4(1232 1682 1683 1233)
4(1233 1683 1684 1234)
4(1231 1236 1686 1681)
4(1235 1685 1686 1236)
4(1232 1237 1687 1682)
4(1236 1686 1687 1237)
4(1233 1238 1688 1683)
4(1237 1687 1688 1238)
4(1238 1688 1689 1239)
4(1236 1241 1691 1686)
4(1240 1690 1691 1241)
4(1237 1242 1692 1687)
4(1241 1691 1692 1242)
4(1238 1243 1693 1688)
4(1242 1692 1693 1243)
4(1243 1693 1694 1244)
4(1241 1246 1696 1691)
4(1245 1695 1696 1246)
4(1242 1247 1697 1692)
4(1246 1696 1697 1247)
4(1243 1248 1698 1693)
4(1247 1697 1698 1248)
4(1248 1698 1699 1249)
4(1246 1251 1701 1696)
4(1250 1700 1701 1251)
4(1247 1252 1702 1697)
4(1251 1701 1702 1252)
4(1248 1253 1703 1698)
4(1252 1702 1703 1253)
4(1253 1703 1704 1254)
4(1251 1256 1706 1701)
4(1255 1705 1706 1256)
4(1252 1257 1707 1702)
4(1256 1706 1707 1257)
4(1253 1258 1708 1703)
4(1257 1707 1708 1258)
4(1258 1708 1709 1259)
4(1256 1261 1711 1706)
4(1260 1710 1711 1261)
4(1257 1262 1712 1707)
4(1261 1711 1712 1262)
4(1258 1263 1713 1708)
4(1262 1712 1713 1263)
4(1263 1713 1714 1264)
4(1261 1266 1716 1711)
4(1265 1715 1716 1266)
4(1262 1267 1717 1712)
4(1266 1716 1717 1267)
4(1263 1268 1718 1713)
4(1267 1717 1718 1268)
4(1268 1718 1719 1269)
4(1266 1271 1721 1716)
4(1270 1720 1721 1271)
4(1267 1272 1722 1717)
4(1271 1721 1722 1272)
4(1268 1273 1723 1718)
4(1272 1722 1723 1273)
4(1273 1723 1724 1274)
4(1271 1276 1726 1721)
4(1275 1725 1726 1276)
4(1272 1277 1727 1722)
4(1276 1726 1727 1277)
4(1273 1278 1728 1723)
4(1277 1727 1728 1278)
4(1278 1728 1729 1279)
4(1276 1281 1731 1726)
4(1280 1730 1731 1281)
4(1277 1282 1732 1727)
4(1281 1731 1732 1282)
4(1278 1283 1733 1728)
4(1282 1732 1733 1283)
4(1283 1733 1734 1284)
4(1281 1286 1736 1731)
4(1285 1735 1736 1286)
4(1282 1287 1737 1732)
4(1286 1736 1737 1287)
4(1283 1288 1738 1733)
4(1287 1737 1738 1288)
4(1288 1738 1739 1289)
4(1286 1291 1741 1736)
4(1290 1740 1741 1291)
4(1287 1292 1742 1737)
4(1291 1741 1742 1292)
4(1288 1293 1743 1738)
4(1292 1742 1743 1293)
4(1293 1743 1744 1294)
4(1291 1296 1746 1741)
4(1295 1745 1746 1296)
4(1292 1297 1747 1742)
4(1296 1746 1747 1297)
4(1293 1298 1748 1743)
4(1297 1747 1748 1298)
4(1298 1748 1749 1299)
4(1296 1301 1751 1746)
4(1300 1750 1751 1301)
4(1297 1302 1752 1747)
4(1301 1751 1752 1302)
4(1298 1303 1753 1748)
4(1302 1752 1753 1303)
4(1303 1753 1754 1304)
4(1301 1306 1756 1751)
4(1305 1755 1756 1306)
4(1302 1307 1757 1752)
4(1306 1756 1757 1307)
4(1303 1308 1758 1753)
4(1307 1757 1758 1308)
4(1308 1758 1759 1309)
4(1306 1311 1761 1756)
4(1310 1760 1761 1311)
4(1307 1312 1762 1757)
4(1311 1761 1762 1312)
4(1308 1313 1763 1758)
4(1312 1762 1763 1313)
4(1313 1763 1764 1314)
4(1311 1316 1766 1761)
4(1315 1765 1766 1316)
4(1312 1317 1767 1762)
4(1316 1766 1767 1317)
4(1313 1318 1768 1763)
4(1317 1767 1768 1318)
4(1318 1768 1769 1319)
4(1316 1321 1771 1766)
4(1320 1770 1771 1321)
4(1317 1322 1772 1767)
4(1321 1771 1772 1322)
4(1318 1323 1773 1768)
4(1322 1772 1773 1323)
4(1323 1773 1774 1324)
4(1321 1326 1776 1771)
4(1325 1775 1776 1326)
4(1322 1327 1777 1772)
4(1326 1776 1777 1327)
4(1323 1328 1778 1773)
4(1327 1777 1778 1328)
4(1328 1778 1779 1329)
4(1326 1331 1781 1776)
4(1330 1780 1781 1331)
4(1327 1332 1782 1777)
4(1331 1781 1782 1332)
4(1328 1333 1783 1778)
4(1332 1782 1783 1333)
4(1333 1783 1784 1334)
4(1331 1336 1786 1781)
4(1335 1785 1786 1336)
4(1332 1337 1787 1782)
4(1336 1786 1787 1337)
4(1333 1338 1788 1783)
4(1337 1787 1788 1338)
4(1338 1788 1789 1339)
4(1336 1341 1791 1786)
4(1340 1790 1791 1341)
4(1337 1342 1792 1787)
4(1341 1791 1792 1342)
4(1338 1343 1793 1788)
4(1342 1792 1793 1343)
4(1343 1793 1794 1344)
4(1341 1346 1796 1791)
4(1345 1795 1796 1346)
4(1342 1347 1797 1792)
4(1346 1796 1797 1347)
4(1343 1348 1798 1793)
4(1347 1797 1798 1348)
4(1348 1798 1799 1349)
4(1346 1351 1801 1796)
4(1350 1800 1801 1351)
4(1347 1352 1802 1797)
4(1351 1801 1802 1352)
4(1348 1353 1803 1798)
4(1352 1802 1803 1353)
4(1353 1803 1804 1354)
4(1351 1356 1806 1801)
4(1352 1357 1807 1802)
4(1353 1358 1808 1803)
4(0 1 456 455)
4(1 2 457 456)
4(2 3 458 457)
4(3 4 459 458)
4(1355 1805 1806 1356)
4(1356 1806 1807 1357)
4(1357 1807 1808 1358)
4(1358 1808 1809 1359)
4(0 5 6 1)
4(5 10 11 6)
4(10 15 16 11)
4(15 20 21 16)
4(20 25 26 21)
4(25 30 31 26)
4(30 35 36 31)
4(35 40 41 36)
4(40 45 46 41)
4(45 50 51 46)
4(50 55 56 51)
4(55 60 61 56)
4(60 65 66 61)
4(65 70 71 66)
4(70 75 76 71)
4(75 80 81 76)
4(80 85 86 81)
4(85 90 91 86)
4(90 95 96 91)
4(95 100 101 96)
4(100 105 106 101)
4(105 110 111 106)
4(110 115 116 111)
4(115 120 121 116)
4(120 125 126 121)
4(125 130 131 126)
4(130 135 136 131)
4(135 140 141 136)
4(140 145 146 141)
4(145 150 151 146)
4(150 155 156 151)
4(155 160 161 156)
4(160 165 166 161)
4(165 170 171 166)
4(170 175 176 171)
4(175 180 181 176)
4(180 185 186 181)
4(185 190 191 186)
4(190 195 196 191)
4(195 200 201 196)
4(200 205 206 201)
4(205 210 211 206)
4(210 215 216 211)
4(215 220 221 216)
4(220 225 226 221)
4(225 230 231 226)
4(230 235 236 231)
4(235 240 241 236)
4(240 245 246 241)
4(245 250 251 246)
4(250 255 256 251)
4(255 260 261 256)
4(260 265 266 261)
4(265 270 271 266)
4(270 275 276 271)
4(275 280 281 276)
4(280 285 286 281)
4(285 290 291 286)
4(290 295 296 291)
4(295 300 301 296)
4(300 305 306 301)
4(305 310 311 306)
4(310 315 316 311)
4(315 320 321 316)
4(320 325 326 321)
4(325 330 331 326)
4(330 335 336 331)
4(335 340 341 336)
4(340 345 346 341)
4(345 350 351 346)
4(350 355 356 351)
4(355 360 361 356)
4(360 365 366 361)
4(365 370 371 366)
4(370 375 376 371)
4(375 380 381 376)
4(380 385 386 381)
4(385 390 391 386)
4(390 395 396 391)
4(395 400 401 396)
4(400 405 406 401)
4(405 410 411 406)
4(410 415 416 411)
4(415 420 421 416)
4(420 425 426 421)
4(425 430 431 426)
4(430 435 436 431)
4(435 440 441 436)
4(440 445 446 441)
4(445 450 451 446)
4(1 6 7 2)
4(6 11 12 7)
4(11 16 17 12)
4(16 21 22 17)
4(21 26 27 22)
4(26 31 32 27)
4(31 36 37 32)
4(36 41 42 37)
4(41 46 47 42)
4(46 51 52 47)
4(51 56 57 52)
4(56 61 62 57)
4(61 66 67 62)
4(66 71 72 67)
4(71 76 77 72)
4(76 81 82 77)
4(81 86 87 82)
4(86 91 92 87)
4(91 96 97 92)
4(96 101 102 97)
4(101 106 107 102)
4(106 111 112 107)
4(111 116 117 112)
4(116 121 122 117)
4(121 126 127 122)
4(126 131 132 127)
4(131 136 137 132)
4(136 141 142 137)
4(141 146 147 142)
4(146 151 152 147)
4(151 156 157 152)
4(156 161 162 157)
4(161 166 167 162)
4(166 171 172 167)
4(171 176 177 172)
4(176 181 182 177)
4(181 186 187 182)
4(186 191 192 187)
4(191 196 197 192)
4(196 201 202 197)
4(201 206 207 202)
4(206 211 212 207)
4(211 216 217 212)
4(216 221 222 217)
4(221 226 227 222)
4(226 231 232 227)
4(231 236 237 232)
4(236 241 242 237)
4(241 246 247 242)
4(246 251 252 247)
4(251 256 257 252)
4(256 261 262 257)
4(261 266 267 262)
4(266 271 272 267)
4(271 276 277 272)
4(276 281 282 277)
4(281 286 287 282)
4(286 291 292 287)
4(291 296 297 292)
4(296 301 302 297)
4(301 306 307 302)
4(306 311 312 307)
4(311 316 317 312)
4(316 321 322 317)
4(321 326 327 322)
4(326 331 332 327)
4(331 336 337 332)
4(336 341 342 337)
4(341 346 347 342)
4(346 351 352 347)
4(351 356 357 352)
4(356 361 362 357)
4(361 366 367 362)
4(366 371 372 367)
4(371 376 377 372)
4(376 381 382 377)
4(381 386 387 382)
4(386 391 392 387)
4(391 396 397 392)
4(396 401 402 397)
4(401 406 407 402)
4(406 411 412 407)
4(411 416 417 412)
4(416 421 422 417)
4(421 426 427 422)
4(426 431 432 427)
4(431 436 437 432)
4(436 441 442 437)
4(441 446 447 442)
4(446 451 452 447)
4(2 7 8 3)
4(7 12 13 8)
4(12 17 18 13)
4(17 22 23 18)
4(22 27 28 23)
4(27 32 33 28)
4(32 37 38 33)
4(37 42 43 38)
4(42 47 48 43)
4(47 52 53 48)
4(52 57 58 53)
4(57 62 63 58)
4(62 67 68 63)
4(67 72 73 68)
4(72 77 78 73)
4(77 82 83 78)
4(82 87 88 83)
4(87 92 93 88)
4(92 97 98 93)
4(97 102 103 98)
4(102 107 108 103)
4(107 112 113 108)
4(112 117 118 113)
4(117 122 123 118)
4(122 127 128 123)
4(127 132 133 128)
4(132 137 138 133)
4(137 142 143 138)
4(142 147 148 143)
4(147 152 153 148)
4(152 157 158 153)
4(157 162 163 158)
4(162 167 168 163)
4(167 172 173 168)
4(172 177 178 173)
4(177 182 183 178)
4(182 187 188 183)
4(187 192 193 188)
4(192 197 198 193)
4(197 202 203 198)
4(202 207 208 203)
4(207 212 213 208)
4(212 217 218 213)
4(217 222 223 218)
4(222 227 228 223)
4(227 232 233 228)
4(232 237 238 233)
4(237 242 243 238)
4(242 247 248 243)
4(247 252 253 248)
4(252 257 258 253)
4(257 262 263 258)
4(262 267 268 263)
4(267 272 273 268)
4(272 277 278 273)
4(277 282 283 278)
4(282 287 288 283)
4(287 292 293 288)
4(292 297 298 293)
4(297 302 303 298)
4(302 307 308 303)
4(307 312 313 308)
4(312 317 318 313)
4(317 322 323 318)
4(322 327 328 323)
4(327 332 333 328)
4(332 337 338 333)
4(337 342 343 338)
4(342 347 348 343)
4(347 352 353 348)
4(352 357 358 353)
4(357 362 363 358)
4(362 367 368 363)
4(367 372 373 368)
4(372 377 378 373)
4(377 382 383 378)
4(382 387 388 383)
4(387 392 393 388)
4(392 397 398 393)
4(397 402 403 398)
4(402 407 408 403)
4(407 412 413 408)
4(412 417 418 413)
4(417 422 423 418)
4(422 427 428 423)
4(427 432 433 428)
4(432 437 438 433)
4(437 442 443 438)
4(442 447 448 443)
4(447 452 453 448)
4(3 8 9 4)
4(8 13 14 9)
4(13 18 19 14)
4(18 23 24 19)
4(23 28 29 24)
4(28 33 34 29)
4(33 38 39 34)
4(38 43 44 39)
4(43 48 49 44)
4(48 53 54 49)
4(53 58 59 54)
4(58 63 64 59)
4(63 68 69 64)
4(68 73 74 69)
4(73 78 79 74)
4(78 83 84 79)
4(83 88 89 84)
4(88 93 94 89)
4(93 98 99 94)
4(98 103 104 99)
4(103 108 109 104)
4(108 113 114 109)
4(113 118 119 114)
4(118 123 124 119)
4(123 128 129 124)
4(128 133 134 129)
4(133 138 139 134)
4(138 143 144 139)
4(143 148 149 144)
4(148 153 154 149)
4(153 158 159 154)
4(158 163 164 159)
4(163 168 169 164)
4(168 173 174 169)
4(173 178 179 174)
4(178 183 184 179)
4(183 188 189 184)
4(188 193 194 189)
4(193 198 199 194)
4(198 203 204 199)
4(203 208 209 204)
4(208 213 214 209)
4(213 218 219 214)
4(218 223 224 219)
4(223 228 229 224)
4(228 233 234 229)
4(233 238 239 234)
4(238 243 244 239)
4(243 248 249 244)
4(248 253 254 249)
4(253 258 259 254)
4(258 263 264 259)
4(263 268 269 264)
4(268 273 274 269)
4(273 278 279 274)
4(278 283 284 279)
4(283 288 289 284)
4(288 293 294 289)
4(293 298 299 294)
4(298 303 304 299)
4(303 308 309 304)
4(308 313 314 309)
4(313 318 319 314)
4(318 323 324 319)
4(323 328 329 324)
4(328 333 334 329)
4(333 338 339 334)
4(338 343 344 339)
4(343 348 349 344)
4(348 353 354 349)
4(353 358 359 354)
4(358 363 364 359)
4(363 368 369 364)
4(368 373 374 369)
4(373 378 379 374)
4(378 383 384 379)
4(383 388 389 384)
4(388 393 394 389)
4(393 398 399 394)
4(398 403 404 399)
4(403 408 409 404)
4(408 413 414 409)
4(413 418 419 414)
4(418 423 424 419)
4(423 428 429 424)
4(428 433 434 429)
4(433 438 439 434)
4(438 443 444 439)
4(443 448 449 444)
4(448 453 454 449)
4(455 456 461 460)
4(460 461 466 465)
4(465 466 471 470)
4(470 471 476 475)
4(475 476 481 480)
4(480 481 486 485)
4(485 486 491 490)
4(490 491 496 495)
4(495 496 501 500)
4(500 501 506 505)
4(505 506 511 510)
4(510 511 516 515)
4(515 516 521 520)
4(520 521 526 525)
4(525 526 531 530)
4(530 531 536 535)
4(535 536 541 540)
4(540 541 546 545)
4(545 546 551 550)
4(550 551 556 555)
4(555 556 561 560)
4(560 561 566 565)
4(565 566 571 570)
4(570 571 576 575)
4(575 576 581 580)
4(580 581 586 585)
4(585 586 591 590)
4(590 591 596 595)
4(595 596 601 600)
4(600 601 606 605)
4(605 606 611 610)
4(610 611 616 615)
4(615 616 621 620)
4(620 621 626 625)
4(625 626 631 630)
4(630 631 636 635)
4(635 636 641 640)
4(640 641 646 645)
4(645 646 651 650)
4(650 651 656 655)
4(655 656 661 660)
4(660 661 666 665)
4(665 666 671 670)
4(670 671 676 675)
4(675 676 681 680)
4(680 681 686 685)
4(685 686 691 690)
4(690 691 696 695)
4(695 696 701 700)
4(700 701 706 705)
4(705 706 711 710)
4(710 711 716 715)
4(715 716 721 720)
4(720 721 726 725)
4(725 726 731 730)
4(730 731 736 735)
4(735 736 741 740)
4(740 741 746 745)
4(745 746 751 750)
4(750 751 756 755)
4(755 756 761 760)
4(760 761 766 765)
4(765 766 771 770)
4(770 771 776 775)
4(775 776 781 780)
4(780 781 786 785)
4(785 786 791 790)
4(790 791 796 795)
4(795 796 801 800)
4(800 801 806 805)
4(805 806 811 810)
4(810 811 816 815)
4(815 816 821 820)
4(820 821 826 825)
4(825 826 831 830)
4(830 831 836 835)
4(835 836 841 840)
4(840 841 846 845)
4(845 846 851 850)
4(850 851 856 855)
4(855 856 861 860)
4(860 861 866 865)
4(865 866 871 870)
4(870 871 876 875)
4(875 876 881 880)
4(880 881 886 885)
4(885 886 891 890)
4(890 891 896 895)
4(895 896 901 900)
4(900 901 906 905)
4(456 457 462 461)
4(461 462 467 466)
4(466 467 472 471)
4(471 472 477 476)
4(476 477 482 481)
4(481 482 487 486)
4(486 487 492 491)
4(491 492 497 496)
4(496 497 502 501)
4(501 502 507 506)
4(506 507 512 511)
4(511 512 517 516)
4(516 517 522 521)
4(521 522 527 526)
4(526 527 532 531)
4(531 532 537 536)
4(536 537 542 541)
4(541 542 547 546)
4(546 547 552 551)
4(551 552 557 556)
4(556 557 562 561)
4(561 562 567 566)
4(566 567 572 571)
4(571 572 577 576)
4(576 577 582 581)
4(581 582 587 586)
4(586 587 592 591)
4(591 592 597 596)
4(596 597 602 601)
4(601 602 607 606)
4(606 607 612 611)
4(611 612 617 616)
4(616 617 622 621)
4(621 622 627 626)
4(626 627 632 631)
4(631 632 637 636)
4(636 637 642 641)
4(641 642 647 646)
4(646 647 652 651)
4(651 652 657 656)
4(656 657 662 661)
4(661 662 667 666)
4(666 667 672 671)
4(671 672 677 676)
4(676 677 682 681)
4(681 682 687 686)
4(686 687 692 691)
4(691 692 697 696)
4(696 697 702 701)
4(701 702 707 706)
4(706 707 712 711)
4(711 712 717 716)
4(716 717 722 721)
4(721 722 727 726)
4(726 727 732 731)
4(731 732 737 736)
4(736 737 742 741)
4(741 742 747 746)
4(746 747 752 751)
4(751 752 757 756)
4(756 757 762 761)
4(761 762 767 766)
4(766 767 772 771)
4(771 772 777 776)
4(776 777 782 781)
4(781 782 787 786)
4(786 787 792 791)
4(791 792 797 796)
4(796 797 802 801)
4(801 802 807 806)
4(806 807 812 811)
4(811 812 817 816)
4(816 817 822 821)
4(821 822 827 826)
4(826 827 832 831)
4(831 832 837 836)
4(836 837 842 841)
4(841 842 847 846)
4(846 847 852 851)
4(851 852 857 856)
4(856 857 862 861)
4(861 862 867 866)
4(866 867 872 871)
4(871 872 877 876)
4(876 877 882 881)
4(881 882 887 886)
4(886 887 892 891)
4(891 892 897 896)
4(896 897 902 901)
4(901 902 907 906)
4(457 458 463 462)
4(462 463 468 467)
4(467 468 473 472)
4(472 473 478 477)
4(477 478 483 482)
4(482 483 488 487)
4(487 488 493 492)
4(492 493 498 497)
4(497 498 503 502)
4(502 503 508 507)
4(507 508 513 512)
4(512 513 518 517)
4(517 518 523 522)
4(522 523 528 527)
4(527 528 533 532)
4(532 533 538 537)
4(537 538 543 542)
4(542 543 548 547)
4(547 548 553 552)
4(552 553 558 557)
4(557 558 563 562)
4(562 563 568 567)
4(567 568 573 572)
4(572 573 578 577)
4(577 578 583 582)
4(582 583 588 587)
4(587 588 593 592)
4(592 593 598 597)
4(597 598 603 602)
4(602 603 608 607)
4(607 608 613 612)
4(612 613 618 617)
4(617 618 623 622)
4(622 623 628 627)
4(627 628 633 632)
4(632 633 638 637)
4(637 638 643 642)
4(642 643 648 647)
4(647 648 653 652)
4(652 653 658 657)
4(657 658 663 662)
4(662 663 668 667)
4(667 668 673 672)
4(672 673 678 677)
4(677 678 683 682)
4(682 683 688 687)
4(687 688 693 692)
4(692 693 698 697)
4(697 698 703 702)
4(702 703 708 707)
4(707 708 713 712)
4(712 713 718 717)
4(717 718 723 722)
4(722 723 728 727)
4(727 728 733 732)
4(732 733 738 737)
4(737 738 743 742)
4(742 743 748 747)
4(747 748 753 752)
4(752 753 758 757)
4(757 758 763 762)
4(762 763 768 767)
4(767 768 773 772)
4(772 773 778 777)
4(777 778 783 782)
4(782 783 788 787)
4(787 788 793 792)
4(792 793 798 797)
4(797 798 803 802)
4(802 803 808 807)
4(807 808 813 812)
4(812 813 818 817)
4(817 818 823 822)
4(822 823 828 827)
4(827 828 833 832)
4(832 833 838 837)
4(837 838 843 842)
4(842 843 848 847)
4(847 848 853 852)
4(852 853 858 857)
4(857 858 863 862)
4(862 863 868 867)
4(867 868 873 872)
4(872 873 878 877)
4(877 878 883 882)
4(882 883 888 887)
4(887 888 893 892)
4(892 893 898 897)
4(897 898 903 902)
4(902 903 908 907)
4(458 459 464 463)
4(463 464 469 468)
4(468 469 474 473)
4(473 474 479 478)
4(478 479 484 483)
4(483 484 489 488)
4(488 489 494 493)
4(493 494 499 498)
4(498 499 504 503)
4(503 504 509 508)
4(508 509 514 513)
4(513 514 519 518)
4(518 519 524 523)
4(523 524 529 528)
4(528 529 534 533)
4(533 534 539 538)
4(538 539 544 543)
4(543 544 549 548)
4(548 549 554 553)
4(553 554 559 558)
4(558 559 564 563)
4(563 564 569 568)
4(568 569 574 573)
4(573 574 579 578)
4(578 579 584 583)
4(583 584 589 588)
4(588 589 594 593)
4(593 594 599 598)
4(598 599 604 603)
4(603 604 609 608)
4(608 609 614 613)
4(613 614 619 618)
4(618 619 624 623)
4(623 624 629 628)
4(628 629 634 633)
4(633 634 639 638)
4(638 639 644 643)
4(643 644 649 648)
4(648 649 654 653)
4(653 654 659 658)
4(658 659 664 663)
4(663 664 669 668)
4(668 669 674 673)
4(673 674 679 678)
4(678 679 684 683)
4(683 684 689 688)
4(688 689 694 693)
4(693 694 699 698)
4(698 699 704 703)
4(703 704 709 708)
4(708 709 714 713)
4(713 714 719 718)
4(718 719 724 723)
4(723 724 729 728)
4(728 729 734 733)
4(733 734 739 738)
4(738 739 744 743)
4(743 744 749 748)
4(748 749 754 753)
4(753 754 759 758)
4(758 759 764 763)
4(763 764 769 768)
4(768 769 774 773)
4(773 774 779 778)
4(778 779 784 783)
4(783 784 789 788)
4(788 789 794 793)
4(793 794 799 798)
4(798 799 804 803)
4(803 804 809 808)
4(808 809 814 813)
4(813 814 819 818)
4(818 819 824 823)
4(823 824 829 828)
4(828 829 834 833)
4(833 834 839 838)
4(838 839 844 843)
4(843 844 849 848)
4(848 849 854 853)
4(853 854 859 858)
4(858 859 864 863)
4(863 864 869 868)
4(868 869 874 873)
4(873 874 879 878)
4(878 879 884 883)
4(883 884 889 888)
4(888 889 894 893)
4(893 894 899 898)
4(898 899 904 903)
4(903 904 909 908)
4(450 910 911 451)
4(910 915 916 911)
4(915 920 921 916)
4(920 925 926 921)
4(925 930 931 926)
4(930 935 936 931)
4(935 940 941 936)
4(940 945 946 941)
4(945 950 951 946)
4(950 955 956 951)
4(955 960 961 956)
4(960 965 966 961)
4(965 970 971 966)
4(970 975 976 971)
4(975 980 981 976)
4(980 985 986 981)
4(985 990 991 986)
4(990 995 996 991)
4(995 1000 1001 996)
4(1000 1005 1006 1001)
4(1005 1010 1011 1006)
4(1010 1015 1016 1011)
4(1015 1020 1021 1016)
4(1020 1025 1026 1021)
4(1025 1030 1031 1026)
4(1030 1035 1036 1031)
4(1035 1040 1041 1036)
4(1040 1045 1046 1041)
4(1045 1050 1051 1046)
4(1050 1055 1056 1051)
4(1055 1060 1061 1056)
4(1060 1065 1066 1061)
4(1065 1070 1071 1066)
4(1070 1075 1076 1071)
4(1075 1080 1081 1076)
4(1080 1085 1086 1081)
4(1085 1090 1091 1086)
4(1090 1095 1096 1091)
4(1095 1100 1101 1096)
4(1100 1105 1106 1101)
4(1105 1110 1111 1106)
4(1110 1115 1116 1111)
4(1115 1120 1121 1116)
4(1120 1125 1126 1121)
4(1125 1130 1131 1126)
4(1130 1135 1136 1131)
4(1135 1140 1141 1136)
4(1140 1145 1146 1141)
4(1145 1150 1151 1146)
4(1150 1155 1156 1151)
4(1155 1160 1161 1156)
4(1160 1165 1166 1161)
4(1165 1170 1171 1166)
4(1170 1175 1176 1171)
4(1175 1180 1181 1176)
4(1180 1185 1186 1181)
4(1185 1190 1191 1186)
4(1190 1195 1196 1191)
4(1195 1200 1201 1196)
4(1200 1205 1206 1201)
4(1205 1210 1211 1206)
4(1210 1215 1216 1211)
4(1215 1220 1221 1216)
4(1220 1225 1226 1221)
4(1225 1230 1231 1226)
4(1230 1235 1236 1231)
4(1235 1240 1241 1236)
4(1240 1245 1246 1241)
4(1245 1250 1251 1246)
4(1250 1255 1256 1251)
4(1255 1260 1261 1256)
4(1260 1265 1266 1261)
4(1265 1270 1271 1266)
4(1270 1275 1276 1271)
4(1275 1280 1281 1276)
4(1280 1285 1286 1281)
4(1285 1290 1291 1286)
4(1290 1295 1296 1291)
4(1295 1300 1301 1296)
4(1300 1305 1306 1301)
4(1305 1310 1311 1306)
4(1310 1315 1316 1311)
4(1315 1320 1321 1316)
4(1320 1325 1326 1321)
4(1325 1330 1331 1326)
4(1330 1335 1336 1331)
4(1335 1340 1341 1336)
4(1340 1345 1346 1341)
4(1345 1350 1351 1346)
4(1350 1355 1356 1351)
4(451 911 912 452)
4(911 916 917 912)
4(916 921 922 917)
4(921 926 927 922)
4(926 931 932 927)
4(931 936 937 932)
4(936 941 942 937)
4(941 946 947 942)
4(946 951 952 947)
4(951 956 957 952)
4(956 961 962 957)
4(961 966 967 962)
4(966 971 972 967)
4(971 976 977 972)
4(976 981 982 977)
4(981 986 987 982)
4(986 991 992 987)
4(991 996 997 992)
4(996 1001 1002 997)
4(1001 1006 1007 1002)
4(1006 1011 1012 1007)
4(1011 1016 1017 1012)
4(1016 1021 1022 1017)
4(1021 1026 1027 1022)
4(1026 1031 1032 1027)
4(1031 1036 1037 1032)
4(1036 1041 1042 1037)
4(1041 1046 1047 1042)
4(1046 1051 1052 1047)
4(1051 1056 1057 1052)
4(1056 1061 1062 1057)
4(1061 1066 1067 1062)
4(1066 1071 1072 1067)
4(1071 1076 1077 1072)
4(1076 1081 1082 1077)
4(1081 1086 1087 1082)
4(1086 1091 1092 1087)
4(1091 1096 1097 1092)
4(1096 1101 1102 1097)
4(1101 1106 1107 1102)
4(1106 1111 1112 1107)
4(1111 1116 1117 1112)
4(1116 1121 1122 1117)
4(1121 1126 1127 1122)
4(1126 1131 1132 1127)
4(1131 1136 1137 1132)
4(1136 1141 1142 1137)
4(1141 1146 1147 1142)
4(1146 1151 1152 1147)
4(1151 1156 1157 1152)
4(1156 1161 1162 1157)
4(1161 1166 1167 1162)
4(1166 1171 1172 1167)
4(1171 1176 1177 1172)
4(1176 1181 1182 1177)
4(1181 1186 1187 1182)
4(1186 1191 1192 1187)
4(1191 1196 1197 1192)
4(1196 1201 1202 1197)
4(1201 1206 1207 1202)
4(1206 1211 1212 1207)
4(1211 1216 1217 1212)
4(1216 1221 1222 1217)
4(1221 1226 1227 1222)
4(1226 1231 1232 1227)
4(1231 1236 1237 1232)
4(1236 1241 1242 1237)
4(1241 1246 1247 1242)
4(1246 1251 1252 1247)
4(1251 1256 1257 1252)
4(1256 1261 1262 1257)
4(1261 1266 1267 1262)
4(1266 1271 1272 1267)
4(1271 1276 1277 1272)
4(1276 1281 1282 1277)
4(1281 1286 1287 1282)
4(1286 1291 1292 1287)
4(1291 1296 1297 1292)
4(1296 1301 1302 1297)
4(1301 1306 1307 1302)
4(1306 1311 1312 1307)
4(1311 1316 1317 1312)
4(1316 1321 1322 1317)
4(1321 1326 1327 1322)
4(1326 1331 1332 1327)
4(1331 1336 1337 1332)
4(1336 1341 1342 1337)
4(1341 1346 1347 1342)
4(1346 1351 1352 1347)
4(1351 1356 1357 1352)
4(452 912 913 453)
4(912 917 918 913)
4(917 922 923 918)
4(922 927 928 923)
4(927 932 933 928)
4(932 937 938 933)
4(937 942 943 938)
4(942 947 948 943)
4(947 952 953 948)
4(952 957 958 953)
4(957 962 963 958)
4(962 967 968 963)
4(967 972 973 968)
4(972 977 978 973)
4(977 982 983 978)
4(982 987 988 983)
4(987 992 993 988)
4(992 997 998 993)
4(997 1002 1003 998)
4(1002 1007 1008 1003)
4(1007 1012 1013 1008)
4(1012 1017 1018 1013)
4(1017 1022 1023 1018)
4(1022 1027 1028 1023)
4(1027 1032 1033 1028)
4(1032 1037 1038 1033)
4(1037 1042 1043 1038)
4(1042 1047 1048 1043)
4(1047 1052 1053 1048)
4(1052 1057 1058 1053)
4(1057 1062 1063 1058)
4(1062 1067 1068 1063)
4(1067 1072 1073 1068)
4(1072 1077 1078 1073)
4(1077 1082 1083 1078)
4(1082 1087 1088 1083)
4(1087 1092 1093 1088)
4(1092 1097 1098 1093)
4(1097 1102 1103 1098)
4(1102 1107 1108 1103)
4(1107 1112 1113 1108)
4(1112 1117 1118 1113)
4(1117 1122 1123 1118)
4(1122 1127 1128 1123)
4(1127 1132 1133 1128)
4(1132 1137 1138 1133)
4(1137 1142 1143 1138)
4(1142 1147 1148 1143)
4(1147 1152 1153 1148)
4(1152 1157 1158 1153)
4(1157 1162 1163 1158)
4(1162 1167 1168 1163)
4(1167 1172 1173 1168)
4(1172 1177 1178 1173)
4(1177 1182 1183 1178)
4(1182 1187 1188 1183)
4(1187 1192 1193 1188)
4(1192 1197 1198 1193)
4(1197 1202 1203 1198)
4(1202 1207 1208 1203)
4(1207 1212 1213 1208)
4(1212 1217 1218 1213)
4(1217 1222 1223 1218)
4(1222 1227 1228 1223)
4(1227 1232 1233 1228)
4(1232 1237 1238 1233)
4(1237 1242 1243 1238)
4(1242 1247 1248 1243)
4(1247 1252 1253 1248)
4(1252 1257 1258 1253)
4(1257 1262 1263 1258)
4(1262 1267 1268 1263)
4(1267 1272 1273 1268)
4(1272 1277 1278 1273)
4(1277 1282 1283 1278)
4(1282 1287 1288 1283)
4(1287 1292 1293 1288)
4(1292 1297 1298 1293)
4(1297 1302 1303 1298)
4(1302 1307 1308 1303)
4(1307 1312 1313 1308)
4(1312 1317 1318 1313)
4(1317 1322 1323 1318)
4(1322 1327 1328 1323)
4(1327 1332 1333 1328)
4(1332 1337 1338 1333)
4(1337 1342 1343 1338)
4(1342 1347 1348 1343)
4(1347 1352 1353 1348)
4(1352 1357 1358 1353)
4(453 913 914 454)
4(913 918 919 914)
4(918 923 924 919)
4(923 928 929 924)
4(928 933 934 929)
4(933 938 939 934)
4(938 943 944 939)
4(943 948 949 944)
4(948 953 954 949)
4(953 958 959 954)
4(958 963 964 959)
4(963 968 969 964)
4(968 973 974 969)
4(973 978 979 974)
4(978 983 984 979)
4(983 988 989 984)
4(988 993 994 989)
4(993 998 999 994)
4(998 1003 1004 999)
4(1003 1008 1009 1004)
4(1008 1013 1014 1009)
4(1013 1018 1019 1014)
4(1018 1023 1024 1019)
4(1023 1028 1029 1024)
4(1028 1033 1034 1029)
4(1033 1038 1039 1034)
4(1038 1043 1044 1039)
4(1043 1048 1049 1044)
4(1048 1053 1054 1049)
4(1053 1058 1059 1054)
4(1058 1063 1064 1059)
4(1063 1068 1069 1064)
4(1068 1073 1074 1069)
4(1073 1078 1079 1074)
4(1078 1083 1084 1079)
4(1083 1088 1089 1084)
4(1088 1093 1094 1089)
4(1093 1098 1099 1094)
4(1098 1103 1104 1099)
4(1103 1108 1109 1104)
4(1108 1113 1114 1109)
4(1113 1118 1119 1114)
4(1118 1123 1124 1119)
4(1123 1128 1129 1124)
4(1128 1133 1134 1129)
4(1133 1138 1139 1134)
4(1138 1143 1144 1139)
4(1143 1148 1149 1144)
4(1148 1153 1154 1149)
4(1153 1158 1159 1154)
4(1158 1163 1164 1159)
4(1163 1168 1169 1164)
4(1168 1173 1174 1169)
4(1173 1178 1179 1174)
4(1178 1183 1184 1179)
4(1183 1188 1189 1184)
4(1188 1193 1194 1189)
4(1193 1198 1199 1194)
4(1198 1203 1204 1199)
4(1203 1208 1209 1204)
4(1208 1213 1214 1209)
4(1213 1218 1219 1214)
4(1218 1223 1224 1219)
4(1223 1228 1229 1224)
4(1228 1233 1234 1229)
4(1233 1238 1239 1234)
4(1238 1243 1244 1239)
4(1243 1248 1249 1244)
4(1248 1253 1254 1249)
4(1253 1258 1259 1254)
4(1258 1263 1264 1259)
4(1263 1268 1269 1264)
4(1268 1273 1274 1269)
4(1273 1278 1279 1274)
4(1278 1283 1284 1279)
4(1283 1288 1289 1284)
4(1288 1293 1294 1289)
4(1293 1298 1299 1294)
4(1298 1303 1304 1299)
4(1303 1308 1309 1304)
4(1308 1313 1314 1309)
4(1313 1318 1319 1314)
4(1318 1323 1324 1319)
4(1323 1328 1329 1324)
4(1328 1333 1334 1329)
4(1333 1338 1339 1334)
4(1338 1343 1344 1339)
4(1343 1348 1349 1344)
4(1348 1353 1354 1349)
4(1353 1358 1359 1354)
4(905 906 1361 1360)
4(1360 1361 1366 1365)
4(1365 1366 1371 1370)
4(1370 1371 1376 1375)
4(1375 1376 1381 1380)
4(1380 1381 1386 1385)
4(1385 1386 1391 1390)
4(1390 1391 1396 1395)
4(1395 1396 1401 1400)
4(1400 1401 1406 1405)
4(1405 1406 1411 1410)
4(1410 1411 1416 1415)
4(1415 1416 1421 1420)
4(1420 1421 1426 1425)
4(1425 1426 1431 1430)
4(1430 1431 1436 1435)
4(1435 1436 1441 1440)
4(1440 1441 1446 1445)
4(1445 1446 1451 1450)
4(1450 1451 1456 1455)
4(1455 1456 1461 1460)
4(1460 1461 1466 1465)
4(1465 1466 1471 1470)
4(1470 1471 1476 1475)
4(1475 1476 1481 1480)
4(1480 1481 1486 1485)
4(1485 1486 1491 1490)
4(1490 1491 1496 1495)
4(1495 1496 1501 1500)
4(1500 1501 1506 1505)
4(1505 1506 1511 1510)
4(1510 1511 1516 1515)
4(1515 1516 1521 1520)
4(1520 1521 1526 1525)
4(1525 1526 1531 1530)
4(1530 1531 1536 1535)
4(1535 1536 1541 1540)
4(1540 1541 1546 1545)
4(1545 1546 1551 1550)
4(1550 1551 1556 1555)
4(1555 1556 1561 1560)
4(1560 1561 1566 1565)
4(1565 1566 1571 1570)
4(1570 1571 1576 1575)
4(1575 1576 1581 1580)
4(1580 1581 1586 1585)
4(1585 1586 1591 1590)
4(1590 1591 1596 1595)
4(1595 1596 1601 1600)
4(1600 1601 1606 1605)
4(1605 1606 1611 1610)
4(1610 1611 1616 1615)
4(1615 1616 1621 1620)
4(1620 1621 1626 1625)
4(1625 1626 1631 1630)
4(1630 1631 1636 1635)
4(1635 1636 1641 1640)
4(1640 1641 1646 1645)
4(1645 1646 1651 1650)
4(1650 1651 1656 1655)
4(1655 1656 1661 1660)
4(1660 1661 1666 1665)
4(1665 1666 1671 1670)
4(1670 1671 1676 1675)
4(1675 1676 1681 1680)
4(1680 1681 1686 1685)
4(1685 1686 1691 1690)
4(1690 1691 1696 1695)
4(1695 1696 1701 1700)
4(1700 1701 1706 1705)
4(1705 1706 1711 1710)
4(1710 1711 1716 1715)
4(1715 1716 1721 1720)
4(1720 1721 1726 1725)
4(1725 1726 1731 1730)
4(1730 1731 1736 1735)
4(1735 1736 1741 1740)
4(1740 1741 1746 1745)
4(1745 1746 1751 1750)
4(1750 1751 1756 1755)
4(1755 1756 1761 1760)
4(1760 1761 1766 1765)
4(1765 1766 1771 1770)
4(1770 1771 1776 1775)
4(1775 1776 1781 1780)
4(1780 1781 1786 1785)
4(1785 1786 1791 1790)
4(1790 1791 1796 1795)
4(1795 1796 1801 1800)
4(1800 1801 1806 1805)
4(906 907 1362 1361)
4(1361 1362 1367 1366)
4(1366 1367 1372 1371)
4(1371 1372 1377 1376)
4(1376 1377 1382 1381)
4(1381 1382 1387 1386)
4(1386 1387 1392 1391)
4(1391 1392 1397 1396)
4(1396 1397 1402 1401)
4(1401 1402 1407 1406)
4(1406 1407 1412 1411)
4(1411 1412 1417 1416)
4(1416 1417 1422 1421)
4(1421 1422 1427 1426)
4(1426 1427 1432 1431)
4(1431 1432 1437 1436)
4(1436 1437 1442 1441)
4(1441 1442 1447 1446)
4(1446 1447 1452 1451)
4(1451 1452 1457 1456)
4(1456 1457 1462 1461)
4(1461 1462 1467 1466)
4(1466 1467 1472 1471)
4(1471 1472 1477 1476)
4(1476 1477 1482 1481)
4(1481 1482 1487 1486)
4(1486 1487 1492 1491)
4(1491 1492 1497 1496)
4(1496 1497 1502 1501)
4(1501 1502 1507 1506)
4(1506 1507 1512 1511)
4(1511 1512 1517 1516)
4(1516 1517 1522 1521)
4(1521 1522 1527 1526)
4(1526 1527 1532 1531)
4(1531 1532 1537 1536)
4(1536 1537 1542 1541)
4(1541 1542 1547 1546)
4(1546 1547 1552 1551)
4(1551 1552 1557 1556)
4(1556 1557 1562 1561)
4(1561 1562 1567 1566)
4(1566 1567 1572 1571)
4(1571 1572 1577 1576)
4(1576 1577 1582 1581)
4(1581 1582 1587 1586)
4(1586 1587 1592 1591)
4(1591 1592 1597 1596)
4(1596 1597 1602 1601)
4(1601 1602 1607 1606)
4(1606 1607 1612 1611)
4(1611 1612 1617 1616)
4(1616 1617 1622 1621)
4(1621 1622 1627 1626)
4(1626 1627 1632 1631)
4(1631 1632 1637 1636)
4(1636 1637 1642 1641)
4(1641 1642 1647 1646)
4(1646 1647 1652 1651)
4(1651 1652 1657 1656)
4(1656 1657 1662 1661)
4(1661 1662 1667 1666)
4(1666 1667 1672 1671)
4(1671 1672 1677 1676)
4(1676 1677 1682 1681)
4(1681 1682 1687 1686)
4(1686 1687 1692 1691)
4(1691 1692 1697 1696)
4(1696 1697 1702 1701)
4(1701 1702 1707 1706)
4(1706 1707 1712 1711)
4(1711 1712 1717 1716)
4(1716 1717 1722 1721)
4(1721 1722 1727 1726)
4(1726 1727 1732 1731)
4(1731 1732 1737 1736)
4(1736 1737 1742 1741)
4(1741 1742 1747 1746)
4(1746 1747 1752 1751)
4(1751 1752 1757 1756)
4(1756 1757 1762 1761)
4(1761 1762 1767 1766)
4(1766 1767 1772 1771)
4(1771 1772 1777 1776)
4(1776 1777 1782 1781)
4(1781 1782 1787 1786)
4(1786 1787 1792 1791)
4(1791 1792 1797 1796)
4(1796 1797 1802 1801)
4(1801 1802 1807 1806)
4(907 908 1363 1362)
4(1362 1363 1368 1367)
4(1367 1368 1373 1372)
4(1372 1373 1378 1377)
4(1377 1378 1383 1382)
4(1382 1383 1388 1387)
4(1387 1388 1393 1392)
4(1392 1393 1398 1397)
4(1397 1398 1403 1402)
4(1402 1403 1408 1407)
4(1407 1408 1413 1412)
4(1412 1413 1418 1417)
4(1417 1418 1423 1422)
4(1422 1423 1428 1427)
4(1427 1428 1433 1432)
4(1432 1433 1438 1437)
4(1437 1438 1443 1442)
4(1442 1443 1448 1447)
4(1447 1448 1453 1452)
4(1452 1453 1458 1457)
4(1457 1458 1463 1462)
4(1462 1463 1468 1467)
4(1467 1468 1473 1472)
4(1472 1473 1478 1477)
4(1477 1478 1483 1482)
4(1482 1483 1488 1487)
4(1487 1488 1493 1492)
4(1492 1493 1498 1497)
4(1497 1498 1503 1502)
4(1502 1503 1508 1507)
4(1507 1508 1513 1512)
4(1512 1513 1518 1517)
4(1517 1518 1523 1522)
4(1522 1523 1528 1527)
4(1527 1528 1533 1532)
4(1532 1533 1538 1537)
4(1537 1538 1543 1542)
4(1542 1543 1548 1547)
4(1547 1548 1553 1552)
4(1552 1553 1558 1557)
4(1557 1558 1563 1562)
4(1562 1563 1568 1567)
4(1567 1568 1573 1572)
4(1572 1573 1578 1577)
4(1577 1578 1583 1582)
4(1582 1583 1588 1587)
4(1587 1588 1593 1592)
4(1592 1593 1598 1597)
4(1597 1598 1603 1602)
4(1602 1603 1608 1607)
4(1607 1608 1613 1612)
4(1612 1613 1618 1617)
4(1617 1618 1623 1622)
4(1622 1623 1628 1627)
4(1627 1628 1633 1632)
4(1632 1633 1638 1637)
4(1637 1638 1643 1642)
4(1642 1643 1648 1647)
4(1647 1648 1653 1652)
4(1652 1653 1658 1657)
4(1657 1658 1663 1662)
4(1662 1663 1668 1667)
4(1667 1668 1673 1672)
4(1672 1673 1678 1677)
4(1677 1678 1683 1682)
4(1682 1683 1688 1687)
4(1687 1688 1693 1692)
4(1692 1693 1698 1697)
4(1697 1698 1703 1702)
4(1702 1703 1708 1707)
4(1707 1708 1713 1712)
4(1712 1713 1718 1717)
4(1717 1718 1723 1722)
4(1722 1723 1728 1727)
4(1727 1728 1733 1732)
4(1732 1733 1738 1737)
4(1737 1738 1743 1742)
4(1742 1743 1748 1747)
4(1747 1748 1753 1752)
4(1752 1753 1758 1757)
4(1757 1758 1763 1762)
4(1762 1763 1768 1767)
4(1767 1768 1773 1772)
4(1772 1773 1778 1777)
4(1777 1778 1783 1782)
4(1782 1783 1788 1787)
4(1787 1788 1793 1792)
4(1792 1793 1798 1797)
4(1797 1798 1803 1802)
4(1802 1803 1808 1807)
4(908 909 1364 1363)
4(1363 1364 1369 1368)
4(1368 1369 1374 1373)
4(1373 1374 1379 1378)
4(1378 1379 1384 1383)
4(1383 1384 1389 1388)
4(1388 1389 1394 1393)
4(1393 1394 1399 1398)
4(1398 1399 1404 1403)
4(1403 1404 1409 1408)
4(1408 1409 1414 1413)
4(1413 1414 1419 1418)
4(1418 1419 1424 1423)
4(1423 1424 1429 1428)
4(1428 1429 1434 1433)
4(1433 1434 1439 1438)
4(1438 1439 1444 1443)
4(1443 1444 1449 1448)
4(1448 1449 1454 1453)
4(1453 1454 1459 1458)
4(1458 1459 1464 1463)
4(1463 1464 1469 1468)
4(1468 1469 1474 1473)
4(1473 1474 1479 1478)
4(1478 1479 1484 1483)
4(1483 1484 1489 1488)
4(1488 1489 1494 1493)
4(1493 1494 1499 1498)
4(1498 1499 1504 1503)
4(1503 1504 1509 1508)
4(1508 1509 1514 1513)
4(1513 1514 1519 1518)
4(1518 1519 1524 1523)
4(1523 1524 1529 1528)
4(1528 1529 1534 1533)
4(1533 1534 1539 1538)
4(1538 1539 1544 1543)
4(1543 1544 1549 1548)
4(1548 1549 1554 1553)
4(1553 1554 1559 1558)
4(1558 1559 1564 1563)
4(1563 1564 1569 1568)
4(1568 1569 1574 1573)
4(1573 1574 1579 1578)
4(1578 1579 1584 1583)
4(1583 1584 1589 1588)
4(1588 1589 1594 1593)
4(1593 1594 1599 1598)
4(1598 1599 1604 1603)
4(1603 1604 1609 1608)
4(1608 1609 1614 1613)
4(1613 1614 1619 1618)
4(1618 1619 1624 1623)
4(1623 1624 1629 1628)
4(1628 1629 1634 1633)
4(1633 1634 1639 1638)
4(1638 1639 1644 1643)
4(1643 1644 1649 1648)
4(1648 1649 1654 1653)
4(1653 1654 1659 1658)
4(1658 1659 1664 1663)
4(1663 1664 1669 1668)
4(1668 1669 1674 1673)
4(1673 1674 1679 1678)
4(1678 1679 1684 1683)
4(1683 1684 1689 1688)
4(1688 1689 1694 1693)
4(1693 1694 1699 1698)
4(1698 1699 1704 1703)
4(1703 1704 1709 1708)
4(1708 1709 1714 1713)
4(1713 1714 1719 1718)
4(1718 1719 1724 1723)
4(1723 1724 1729 1728)
4(1728 1729 1734 1733)
4(1733 1734 1739 1738)
4(1738 1739 1744 1743)
4(1743 1744 1749 1748)
4(1748 1749 1754 1753)
4(1753 1754 1759 1758)
4(1758 1759 1764 1763)
4(1763 1764 1769 1768)
4(1768 1769 1774 1773)
4(1773 1774 1779 1778)
4(1778 1779 1784 1783)
4(1783 1784 1789 1788)
4(1788 1789 1794 1793)
4(1793 1794 1799 1798)
4(1798 1799 1804 1803)
4(1803 1804 1809 1808)
4(4 9 464 459)
4(9 14 469 464)
4(14 19 474 469)
4(19 24 479 474)
4(24 29 484 479)
4(29 34 489 484)
4(34 39 494 489)
4(39 44 499 494)
4(44 49 504 499)
4(49 54 509 504)
4(54 59 514 509)
4(59 64 519 514)
4(64 69 524 519)
4(69 74 529 524)
4(74 79 534 529)
4(79 84 539 534)
4(84 89 544 539)
4(89 94 549 544)
4(94 99 554 549)
4(99 104 559 554)
4(104 109 564 559)
4(109 114 569 564)
4(114 119 574 569)
4(119 124 579 574)
4(124 129 584 579)
4(129 134 589 584)
4(134 139 594 589)
4(139 144 599 594)
4(144 149 604 599)
4(149 154 609 604)
4(154 159 614 609)
4(159 164 619 614)
4(164 169 624 619)
4(169 174 629 624)
4(174 179 634 629)
4(179 184 639 634)
4(184 189 644 639)
4(189 194 649 644)
4(194 199 654 649)
4(199 204 659 654)
4(204 209 664 659)
4(209 214 669 664)
4(214 219 674 669)
4(219 224 679 674)
4(224 229 684 679)
4(229 234 689 684)
4(234 239 694 689)
4(239 244 699 694)
4(244 249 704 699)
4(249 254 709 704)
4(254 259 714 709)
4(259 264 719 714)
4(264 269 724 719)
4(269 274 729 724)
4(274 279 734 729)
4(279 284 739 734)
4(284 289 744 739)
4(289 294 749 744)
4(294 299 754 749)
4(299 304 759 754)
4(304 309 764 759)
4(309 314 769 764)
4(314 319 774 769)
4(319 324 779 774)
4(324 329 784 779)
4(329 334 789 784)
4(334 339 794 789)
4(339 344 799 794)
4(344 349 804 799)
4(349 354 809 804)
4(354 359 814 809)
4(359 364 819 814)
4(364 369 824 819)
4(369 374 829 824)
4(374 379 834 829)
4(379 384 839 834)
4(384 389 844 839)
4(389 394 849 844)
4(394 399 854 849)
4(399 404 859 854)
4(404 409 864 859)
4(409 414 869 864)
4(414 419 874 869)
4(419 424 879 874)
4(424 429 884 879)
4(429 434 889 884)
4(434 439 894 889)
4(439 444 899 894)
4(444 449 904 899)
4(449 454 909 904)
4(0 455 460 5)
4(5 460 465 10)
4(10 465 470 15)
4(15 470 475 20)
4(20 475 480 25)
4(25 480 485 30)
4(30 485 490 35)
4(35 490 495 40)
4(40 495 500 45)
4(45 500 505 50)
4(50 505 510 55)
4(55 510 515 60)
4(60 515 520 65)
4(65 520 525 70)
4(70 525 530 75)
4(75 530 535 80)
4(80 535 540 85)
4(85 540 545 90)
4(90 545 550 95)
4(95 550 555 100)
4(100 555 560 105)
4(105 560 565 110)
4(110 565 570 115)
4(115 570 575 120)
4(120 575 580 125)
4(125 580 585 130)
4(130 585 590 135)
4(135 590 595 140)
4(140 595 600 145)
4(145 600 605 150)
4(150 605 610 155)
4(155 610 615 160)
4(160 615 620 165)
4(165 620 625 170)
4(170 625 630 175)
4(175 630 635 180)
4(180 635 640 185)
4(185 640 645 190)
4(190 645 650 195)
4(195 650 655 200)
4(200 655 660 205)
4(205 660 665 210)
4(210 665 670 215)
4(215 670 675 220)
4(220 675 680 225)
4(225 680 685 230)
4(230 685 690 235)
4(235 690 695 240)
4(240 695 700 245)
4(245 700 705 250)
4(250 705 710 255)
4(255 710 715 260)
4(260 715 720 265)
4(265 720 725 270)
4(270 725 730 275)
4(275 730 735 280)
4(280 735 740 285)
4(285 740 745 290)
4(290 745 750 295)
4(295 750 755 300)
4(300 755 760 305)
4(305 760 765 310)
4(310 765 770 315)
4(315 770 775 320)
4(320 775 780 325)
4(325 780 785 330)
4(330 785 790 335)
4(335 790 795 340)
4(340 795 800 345)
4(345 800 805 350)
4(350 805 810 355)
4(355 810 815 360)
4(360 815 820 365)
4(365 820 825 370)
4(370 825 830 375)
4(375 830 835 380)
4(380 835 840 385)
4(385 840 845 390)
4(390 845 850 395)
4(395 850 855 400)
4(400 855 860 405)
4(405 860 865 410)
4(410 865 870 415)
4(415 870 875 420)
4(420 875 880 425)
4(425 880 885 430)
4(430 885 890 435)
4(435 890 895 440)
4(440 895 900 445)
4(445 900 905 450)
4(454 914 1364 909)
4(914 919 1369 1364)
4(919 924 1374 1369)
4(924 929 1379 1374)
4(929 934 1384 1379)
4(934 939 1389 1384)
4(939 944 1394 1389)
4(944 949 1399 1394)
4(949 954 1404 1399)
4(954 959 1409 1404)
4(959 964 1414 1409)
4(964 969 1419 1414)
4(969 974 1424 1419)
4(974 979 1429 1424)
4(979 984 1434 1429)
4(984 989 1439 1434)
4(989 994 1444 1439)
4(994 999 1449 1444)
4(999 1004 1454 1449)
4(1004 1009 1459 1454)
4(1009 1014 1464 1459)
4(1014 1019 1469 1464)
4(1019 1024 1474 1469)
4(1024 1029 1479 1474)
4(1029 1034 1484 1479)
4(1034 1039 1489 1484)
4(1039 1044 1494 1489)
4(1044 1049 1499 1494)
4(1049 1054 1504 1499)
4(1054 1059 1509 1504)
4(1059 1064 1514 1509)
4(1064 1069 1519 1514)
4(1069 1074 1524 1519)
4(1074 1079 1529 1524)
4(1079 1084 1534 1529)
4(1084 1089 1539 1534)
4(1089 1094 1544 1539)
4(1094 1099 1549 1544)
4(1099 1104 1554 1549)
4(1104 1109 1559 1554)
4(1109 1114 1564 1559)
4(1114 1119 1569 1564)
4(1119 1124 1574 1569)
4(1124 1129 1579 1574)
4(1129 1134 1584 1579)
4(1134 1139 1589 1584)
4(1139 1144 1594 1589)
4(1144 1149 1599 1594)
4(1149 1154 1604 1599)
4(1154 1159 1609 1604)
4(1159 1164 1614 1609)
4(1164 1169 1619 1614)
4(1169 1174 1624 1619)
4(1174 1179 1629 1624)
4(1179 1184 1634 1629)
4(1184 1189 1639 1634)
4(1189 1194 1644 1639)
4(1194 1199 1649 1644)
4(1199 1204 1654 1649)
4(1204 1209 1659 1654)
4(1209 1214 1664 1659)
4(1214 1219 1669 1664)
4(1219 1224 1674 1669)
4(1224 1229 1679 1674)
4(1229 1234 1684 1679)
4(1234 1239 1689 1684)
4(1239 1244 1694 1689)
4(1244 1249 1699 1694)
4(1249 1254 1704 1699)
4(1254 1259 1709 1704)
4(1259 1264 1714 1709)
4(1264 1269 1719 1714)
4(1269 1274 1724 1719)
4(1274 1279 1729 1724)
4(1279 1284 1734 1729)
4(1284 1289 1739 1734)
4(1289 1294 1744 1739)
4(1294 1299 1749 1744)
4(1299 1304 1754 1749)
4(1304 1309 1759 1754)
4(1309 1314 1764 1759)
4(1314 1319 1769 1764)
4(1319 1324 1774 1769)
4(1324 1329 1779 1774)
4(1329 1334 1784 1779)
4(1334 1339 1789 1784)
4(1339 1344 1794 1789)
4(1344 1349 1799 1794)
4(1349 1354 1804 1799)
4(1354 1359 1809 1804)
4(450 905 1360 910)
4(910 1360 1365 915)
4(915 1365 1370 920)
4(920 1370 1375 925)
4(925 1375 1380 930)
4(930 1380 1385 935)
4(935 1385 1390 940)
4(940 1390 1395 945)
4(945 1395 1400 950)
4(950 1400 1405 955)
4(955 1405 1410 960)
4(960 1410 1415 965)
4(965 1415 1420 970)
4(970 1420 1425 975)
4(975 1425 1430 980)
4(980 1430 1435 985)
4(985 1435 1440 990)
4(990 1440 1445 995)
4(995 1445 1450 1000)
4(1000 1450 1455 1005)
4(1005 1455 1460 1010)
4(1010 1460 1465 1015)
4(1015 1465 1470 1020)
4(1020 1470 1475 1025)
4(1025 1475 1480 1030)
4(1030 1480 1485 1035)
4(1035 1485 1490 1040)
4(1040 1490 1495 1045)
4(1045 1495 1500 1050)
4(1050 1500 1505 1055)
4(1055 1505 1510 1060)
4(1060 1510 1515 1065)
4(1065 1515 1520 1070)
4(1070 1520 1525 1075)
4(1075 1525 1530 1080)
4(1080 1530 1535 1085)
4(1085 1535 1540 1090)
4(1090 1540 1545 1095)
4(1095 1545 1550 1100)
4(1100 1550 1555 1105)
4(1105 1555 1560 1110)
4(1110 1560 1565 1115)
4(1115 1565 1570 1120)
4(1120 1570 1575 1125)
4(1125 1575 1580 1130)
4(1130 1580 1585 1135)
4(1135 1585 1590 1140)
4(1140 1590 1595 1145)
4(1145 1595 1600 1150)
4(1150 1600 1605 1155)
4(1155 1605 1610 1160)
4(1160 1610 1615 1165)
4(1165 1615 1620 1170)
4(1170 1620 1625 1175)
4(1175 1625 1630 1180)
4(1180 1630 1635 1185)
4(1185 1635 1640 1190)
4(1190 1640 1645 1195)
4(1195 1645 1650 1200)
4(1200 1650 1655 1205)
4(1205 1655 1660 1210)
4(1210 1660 1665 1215)
4(1215 1665 1670 1220)
4(1220 1670 1675 1225)
4(1225 1675 1680 1230)
4(1230 1680 1685 1235)
4(1235 1685 1690 1240)
4(1240 1690 1695 1245)
4(1245 1695 1700 1250)
4(1250 1700 1705 1255)
4(1255 1705 1710 1260)
4(1260 1710 1715 1265)
4(1265 1715 1720 1270)
4(1270 1720 1725 1275)
4(1275 1725 1730 1280)
4(1280 1730 1735 1285)
4(1285 1735 1740 1290)
4(1290 1740 1745 1295)
4(1295 1745 1750 1300)
4(1300 1750 1755 1305)
4(1305 1755 1760 1310)
4(1310 1760 1765 1315)
4(1315 1765 1770 1320)
4(1320 1770 1775 1325)
4(1325 1775 1780 1330)
4(1330 1780 1785 1335)
4(1335 1785 1790 1340)
4(1340 1790 1795 1345)
4(1345 1795 1800 1350)
4(1350 1800 1805 1355)
)


// ************************************************************************* //
