/*--------------------------------*- C++ -*----------------------------------*\
| =========                 |                                                 |
| \\      /  F ield         | OpenFOAM: The Open Source CFD Toolbox           |
|  \\    /   O peration     | Version:  1.6.y                                 |
|   \\  /    A nd           | Web:      www.OpenFOAM.org                      |
|    \\/     M anipulation  |                                                 |
\*---------------------------------------------------------------------------*/
FoamFile
{
    version     2.0;
    format      ascii;
    class       vectorField;
    location    "constant/polyMesh";
    object      points;
}
// * * * * * * * * * * * * * * * * * * * * * * * * * * * * * * * * * * * * * //


1810
(
(0 0 0)
(1.57 0 0)
(3.14 0 0)
(4.71 0 0)
(6.28 0 0)
(0 0.00328824817 0)
(1.57 0.00328824817 0)
(3.14 0.00328824817 0)
(4.71 0.00328824817 0)
(6.28 0.00328824817 0)
(0 0.006654229212 0)
(1.57 0.006654229212 0)
(3.14 0.006654229212 0)
(4.71 0.006654229212 0)
(6.28 0.006654229212 0)
(0 0.0100997807 0)
(1.57 0.0100997807 0)
(3.14 0.0100997807 0)
(4.71 0.0100997807 0)
(6.28 0.0100997807 0)
(0 0.01362678365 0)
(1.57 0.01362678365 0)
(3.14 0.01362678365 0)
(4.71 0.01362678365 0)
(6.28 0.01362678365 0)
(0 0.01723716353 0)
(1.57 0.01723716353 0)
(3.14 0.01723716353 0)
(4.71 0.01723716353 0)
(6.28 0.01723716353 0)
(0 0.02093289136 0)
(1.57 0.02093289136 0)
(3.14 0.02093289136 0)
(4.71 0.02093289136 0)
(6.28 0.02093289136 0)
(0 0.02471598471 0)
(1.57 0.02471598471 0)
(3.14 0.02471598471 0)
(4.71 0.02471598471 0)
(6.28 0.02471598471 0)
(0 0.02858850888 0)
(1.57 0.02858850888 0)
(3.14 0.02858850888 0)
(4.71 0.02858850888 0)
(6.28 0.02858850888 0)
(0 0.03255257797 0)
(1.57 0.03255257797 0)
(3.14 0.03255257797 0)
(4.71 0.03255257797 0)
(6.28 0.03255257797 0)
(0 0.03661035606 0)
(1.57 0.03661035606 0)
(3.14 0.03661035606 0)
(4.71 0.03661035606 0)
(6.28 0.03661035606 0)
(0 0.04076405841 0)
(1.57 0.04076405841 0)
(3.14 0.04076405841 0)
(4.71 0.04076405841 0)
(6.28 0.04076405841 0)
(0 0.04501595262 0)
(1.57 0.04501595262 0)
(3.14 0.04501595262 0)
(4.71 0.04501595262 0)
(6.28 0.04501595262 0)
(0 0.04936835992 0)
(1.57 0.04936835992 0)
(3.14 0.04936835992 0)
(4.71 0.04936835992 0)
(6.28 0.04936835992 0)
(0 0.05382365637 0)
(1.57 0.05382365637 0)
(3.14 0.05382365637 0)
(4.71 0.05382365637 0)
(6.28 0.05382365637 0)
(0 0.05838427426 0)
(1.57 0.05838427426 0)
(3.14 0.05838427426 0)
(4.71 0.05838427426 0)
(6.28 0.05838427426 0)
(0 0.06305270333 0)
(1.57 0.06305270333 0)
(3.14 0.06305270333 0)
(4.71 0.06305270333 0)
(6.28 0.06305270333 0)
(0 0.0678314922 0)
(1.57 0.0678314922 0)
(3.14 0.0678314922 0)
(4.71 0.0678314922 0)
(6.28 0.0678314922 0)
(0 0.07272324972 0)
(1.57 0.07272324972 0)
(3.14 0.07272324972 0)
(4.71 0.07272324972 0)
(6.28 0.07272324972 0)
(0 0.07773064644 0)
(1.57 0.07773064644 0)
(3.14 0.07773064644 0)
(4.71 0.07773064644 0)
(6.28 0.07773064644 0)
(0 0.08285641601 0)
(1.57 0.08285641601 0)
(3.14 0.08285641601 0)
(4.71 0.08285641601 0)
(6.28 0.08285641601 0)
(0 0.08810335672 0)
(1.57 0.08810335672 0)
(3.14 0.08810335672 0)
(4.71 0.08810335672 0)
(6.28 0.08810335672 0)
(0 0.09347433302 0)
(1.57 0.09347433302 0)
(3.14 0.09347433302 0)
(4.71 0.09347433302 0)
(6.28 0.09347433302 0)
(0 0.09897227705 0)
(1.57 0.09897227705 0)
(3.14 0.09897227705 0)
(4.71 0.09897227705 0)
(6.28 0.09897227705 0)
(0 0.1046001903 0)
(1.57 0.1046001903 0)
(3.14 0.1046001903 0)
(4.71 0.1046001903 0)
(6.28 0.1046001903 0)
(0 0.1103611451 0)
(1.57 0.1103611451 0)
(3.14 0.1103611451 0)
(4.71 0.1103611451 0)
(6.28 0.1103611451 0)
(0 0.1162582866 0)
(1.57 0.1162582866 0)
(3.14 0.1162582866 0)
(4.71 0.1162582866 0)
(6.28 0.1162582866 0)
(0 0.1222948342 0)
(1.57 0.1222948342 0)
(3.14 0.1222948342 0)
(4.71 0.1222948342 0)
(6.28 0.1222948342 0)
(0 0.1284740834 0)
(1.57 0.1284740834 0)
(3.14 0.1284740834 0)
(4.71 0.1284740834 0)
(6.28 0.1284740834 0)
(0 0.1347994075 0)
(1.57 0.1347994075 0)
(3.14 0.1347994075 0)
(4.71 0.1347994075 0)
(6.28 0.1347994075 0)
(0 0.1412742598 0)
(1.57 0.1412742598 0)
(3.14 0.1412742598 0)
(4.71 0.1412742598 0)
(6.28 0.1412742598 0)
(0 0.147902175 0)
(1.57 0.147902175 0)
(3.14 0.147902175 0)
(4.71 0.147902175 0)
(6.28 0.147902175 0)
(0 0.1546867714 0)
(1.57 0.1546867714 0)
(3.14 0.1546867714 0)
(4.71 0.1546867714 0)
(6.28 0.1546867714 0)
(0 0.161631753 0)
(1.57 0.161631753 0)
(3.14 0.161631753 0)
(4.71 0.161631753 0)
(6.28 0.161631753 0)
(0 0.1687409112 0)
(1.57 0.1687409112 0)
(3.14 0.1687409112 0)
(4.71 0.1687409112 0)
(6.28 0.1687409112 0)
(0 0.176018127 0)
(1.57 0.176018127 0)
(3.14 0.176018127 0)
(4.71 0.176018127 0)
(6.28 0.176018127 0)
(0 0.1834673733 0)
(1.57 0.1834673733 0)
(3.14 0.1834673733 0)
(4.71 0.1834673733 0)
(6.28 0.1834673733 0)
(0 0.1910927169 0)
(1.57 0.1910927169 0)
(3.14 0.1910927169 0)
(4.71 0.1910927169 0)
(6.28 0.1910927169 0)
(0 0.1988983205 0)
(1.57 0.1988983205 0)
(3.14 0.1988983205 0)
(4.71 0.1988983205 0)
(6.28 0.1988983205 0)
(0 0.2068884454 0)
(1.57 0.2068884454 0)
(3.14 0.2068884454 0)
(4.71 0.2068884454 0)
(6.28 0.2068884454 0)
(0 0.2150674537 0)
(1.57 0.2150674537 0)
(3.14 0.2150674537 0)
(4.71 0.2150674537 0)
(6.28 0.2150674537 0)
(0 0.2234398105 0)
(1.57 0.2234398105 0)
(3.14 0.2234398105 0)
(4.71 0.2234398105 0)
(6.28 0.2234398105 0)
(0 0.2320100864 0)
(1.57 0.2320100864 0)
(3.14 0.2320100864 0)
(4.71 0.2320100864 0)
(6.28 0.2320100864 0)
(0 0.2407829603 0)
(1.57 0.2407829603 0)
(3.14 0.2407829603 0)
(4.71 0.2407829603 0)
(6.28 0.2407829603 0)
(0 0.2497632214 0)
(1.57 0.2497632214 0)
(3.14 0.2497632214 0)
(4.71 0.2497632214 0)
(6.28 0.2497632214 0)
(0 0.2589557722 0)
(1.57 0.2589557722 0)
(3.14 0.2589557722 0)
(4.71 0.2589557722 0)
(6.28 0.2589557722 0)
(0 0.2683656313 0)
(1.57 0.2683656313 0)
(3.14 0.2683656313 0)
(4.71 0.2683656313 0)
(6.28 0.2683656313 0)
(0 0.2779979357 0)
(1.57 0.2779979357 0)
(3.14 0.2779979357 0)
(4.71 0.2779979357 0)
(6.28 0.2779979357 0)
(0 0.2878579439 0)
(1.57 0.2878579439 0)
(3.14 0.2878579439 0)
(4.71 0.2878579439 0)
(6.28 0.2878579439 0)
(0 0.2979510388 0)
(1.57 0.2979510388 0)
(3.14 0.2979510388 0)
(4.71 0.2979510388 0)
(6.28 0.2979510388 0)
(0 0.3082827304 0)
(1.57 0.3082827304 0)
(3.14 0.3082827304 0)
(4.71 0.3082827304 0)
(6.28 0.3082827304 0)
(0 0.318858659 0)
(1.57 0.318858659 0)
(3.14 0.318858659 0)
(4.71 0.318858659 0)
(6.28 0.318858659 0)
(0 0.3296845984 0)
(1.57 0.3296845984 0)
(3.14 0.3296845984 0)
(4.71 0.3296845984 0)
(6.28 0.3296845984 0)
(0 0.3407664587 0)
(1.57 0.3407664587 0)
(3.14 0.3407664587 0)
(4.71 0.3407664587 0)
(6.28 0.3407664587 0)
(0 0.3521102897 0)
(1.57 0.3521102897 0)
(3.14 0.3521102897 0)
(4.71 0.3521102897 0)
(6.28 0.3521102897 0)
(0 0.3637222843 0)
(1.57 0.3637222843 0)
(3.14 0.3637222843 0)
(4.71 0.3637222843 0)
(6.28 0.3637222843 0)
(0 0.3756087818 0)
(1.57 0.3756087818 0)
(3.14 0.3756087818 0)
(4.71 0.3756087818 0)
(6.28 0.3756087818 0)
(0 0.3877762714 0)
(1.57 0.3877762714 0)
(3.14 0.3877762714 0)
(4.71 0.3877762714 0)
(6.28 0.3877762714 0)
(0 0.4002313956 0)
(1.57 0.4002313956 0)
(3.14 0.4002313956 0)
(4.71 0.4002313956 0)
(6.28 0.4002313956 0)
(0 0.4129809539 0)
(1.57 0.4129809539 0)
(3.14 0.4129809539 0)
(4.71 0.4129809539 0)
(6.28 0.4129809539 0)
(0 0.4260319067 0)
(1.57 0.4260319067 0)
(3.14 0.4260319067 0)
(4.71 0.4260319067 0)
(6.28 0.4260319067 0)
(0 0.4393913788 0)
(1.57 0.4393913788 0)
(3.14 0.4393913788 0)
(4.71 0.4393913788 0)
(6.28 0.4393913788 0)
(0 0.4530666635 0)
(1.57 0.4530666635 0)
(3.14 0.4530666635 0)
(4.71 0.4530666635 0)
(6.28 0.4530666635 0)
(0 0.4670652265 0)
(1.57 0.4670652265 0)
(3.14 0.4670652265 0)
(4.71 0.4670652265 0)
(6.28 0.4670652265 0)
(0 0.4813947098 0)
(1.57 0.4813947098 0)
(3.14 0.4813947098 0)
(4.71 0.4813947098 0)
(6.28 0.4813947098 0)
(0 0.4960629365 0)
(1.57 0.4960629365 0)
(3.14 0.4960629365 0)
(4.71 0.4960629365 0)
(6.28 0.4960629365 0)
(0 0.5110779141 0)
(1.57 0.5110779141 0)
(3.14 0.5110779141 0)
(4.71 0.5110779141 0)
(6.28 0.5110779141 0)
(0 0.5264478398 0)
(1.57 0.5264478398 0)
(3.14 0.5264478398 0)
(4.71 0.5264478398 0)
(6.28 0.5264478398 0)
(0 0.5421811044 0)
(1.57 0.5421811044 0)
(3.14 0.5421811044 0)
(4.71 0.5421811044 0)
(6.28 0.5421811044 0)
(0 0.5582862971 0)
(1.57 0.5582862971 0)
(3.14 0.5582862971 0)
(4.71 0.5582862971 0)
(6.28 0.5582862971 0)
(0 0.5747722102 0)
(1.57 0.5747722102 0)
(3.14 0.5747722102 0)
(4.71 0.5747722102 0)
(6.28 0.5747722102 0)
(0 0.5916478436 0)
(1.57 0.5916478436 0)
(3.14 0.5916478436 0)
(4.71 0.5916478436 0)
(6.28 0.5916478436 0)
(0 0.6089224102 0)
(1.57 0.6089224102 0)
(3.14 0.6089224102 0)
(4.71 0.6089224102 0)
(6.28 0.6089224102 0)
(0 0.6266053407 0)
(1.57 0.6266053407 0)
(3.14 0.6266053407 0)
(4.71 0.6266053407 0)
(6.28 0.6266053407 0)
(0 0.6447062886 0)
(1.57 0.6447062886 0)
(3.14 0.6447062886 0)
(4.71 0.6447062886 0)
(6.28 0.6447062886 0)
(0 0.6632351356 0)
(1.57 0.6632351356 0)
(3.14 0.6632351356 0)
(4.71 0.6632351356 0)
(6.28 0.6632351356 0)
(0 0.6822019972 0)
(1.57 0.6822019972 0)
(3.14 0.6822019972 0)
(4.71 0.6822019972 0)
(6.28 0.6822019972 0)
(0 0.7016172278 0)
(1.57 0.7016172278 0)
(3.14 0.7016172278 0)
(4.71 0.7016172278 0)
(6.28 0.7016172278 0)
(0 0.7214914267 0)
(1.57 0.7214914267 0)
(3.14 0.7214914267 0)
(4.71 0.7214914267 0)
(6.28 0.7214914267 0)
(0 0.7418354437 0)
(1.57 0.7418354437 0)
(3.14 0.7418354437 0)
(4.71 0.7418354437 0)
(6.28 0.7418354437 0)
(0 0.7626603852 0)
(1.57 0.7626603852 0)
(3.14 0.7626603852 0)
(4.71 0.7626603852 0)
(6.28 0.7626603852 0)
(0 0.7839776199 0)
(1.57 0.7839776199 0)
(3.14 0.7839776199 0)
(4.71 0.7839776199 0)
(6.28 0.7839776199 0)
(0 0.8057987856 0)
(1.57 0.8057987856 0)
(3.14 0.8057987856 0)
(4.71 0.8057987856 0)
(6.28 0.8057987856 0)
(0 0.8281357949 0)
(1.57 0.8281357949 0)
(3.14 0.8281357949 0)
(4.71 0.8281357949 0)
(6.28 0.8281357949 0)
(0 0.8510008421 0)
(1.57 0.8510008421 0)
(3.14 0.8510008421 0)
(4.71 0.8510008421 0)
(6.28 0.8510008421 0)
(0 0.8744064099 0)
(1.57 0.8744064099 0)
(3.14 0.8744064099 0)
(4.71 0.8744064099 0)
(6.28 0.8744064099 0)
(0 0.898365276 0)
(1.57 0.898365276 0)
(3.14 0.898365276 0)
(4.71 0.898365276 0)
(6.28 0.898365276 0)
(0 0.9228905201 0)
(1.57 0.9228905201 0)
(3.14 0.9228905201 0)
(4.71 0.9228905201 0)
(6.28 0.9228905201 0)
(0 0.9479955312 0)
(1.57 0.9479955312 0)
(3.14 0.9479955312 0)
(4.71 0.9479955312 0)
(6.28 0.9479955312 0)
(0 0.9736940146 0)
(1.57 0.9736940146 0)
(3.14 0.9736940146 0)
(4.71 0.9736940146 0)
(6.28 0.9736940146 0)
(0 1 0)
(1.57 1 0)
(3.14 1 0)
(4.71 1 0)
(6.28 1 0)
(0 0 3.14)
(1.57 0 3.14)
(3.14 0 3.14)
(4.71 0 3.14)
(6.28 0 3.14)
(0 0.00328824817 3.14)
(1.57 0.00328824817 3.14)
(3.14 0.00328824817 3.14)
(4.71 0.00328824817 3.14)
(6.28 0.00328824817 3.14)
(0 0.006654229212 3.14)
(1.57 0.006654229212 3.14)
(3.14 0.006654229212 3.14)
(4.71 0.006654229212 3.14)
(6.28 0.006654229212 3.14)
(0 0.0100997807 3.14)
(1.57 0.0100997807 3.14)
(3.14 0.0100997807 3.14)
(4.71 0.0100997807 3.14)
(6.28 0.0100997807 3.14)
(0 0.01362678365 3.14)
(1.57 0.01362678365 3.14)
(3.14 0.01362678365 3.14)
(4.71 0.01362678365 3.14)
(6.28 0.01362678365 3.14)
(0 0.01723716353 3.14)
(1.57 0.01723716353 3.14)
(3.14 0.01723716353 3.14)
(4.71 0.01723716353 3.14)
(6.28 0.01723716353 3.14)
(0 0.02093289136 3.14)
(1.57 0.02093289136 3.14)
(3.14 0.02093289136 3.14)
(4.71 0.02093289136 3.14)
(6.28 0.02093289136 3.14)
(0 0.02471598471 3.14)
(1.57 0.02471598471 3.14)
(3.14 0.02471598471 3.14)
(4.71 0.02471598471 3.14)
(6.28 0.02471598471 3.14)
(0 0.02858850888 3.14)
(1.57 0.02858850888 3.14)
(3.14 0.02858850888 3.14)
(4.71 0.02858850888 3.14)
(6.28 0.02858850888 3.14)
(0 0.03255257797 3.14)
(1.57 0.03255257797 3.14)
(3.14 0.03255257797 3.14)
(4.71 0.03255257797 3.14)
(6.28 0.03255257797 3.14)
(0 0.03661035606 3.14)
(1.57 0.03661035606 3.14)
(3.14 0.03661035606 3.14)
(4.71 0.03661035606 3.14)
(6.28 0.03661035606 3.14)
(0 0.04076405841 3.14)
(1.57 0.04076405841 3.14)
(3.14 0.04076405841 3.14)
(4.71 0.04076405841 3.14)
(6.28 0.04076405841 3.14)
(0 0.04501595262 3.14)
(1.57 0.04501595262 3.14)
(3.14 0.04501595262 3.14)
(4.71 0.04501595262 3.14)
(6.28 0.04501595262 3.14)
(0 0.04936835992 3.14)
(1.57 0.04936835992 3.14)
(3.14 0.04936835992 3.14)
(4.71 0.04936835992 3.14)
(6.28 0.04936835992 3.14)
(0 0.05382365637 3.14)
(1.57 0.05382365637 3.14)
(3.14 0.05382365637 3.14)
(4.71 0.05382365637 3.14)
(6.28 0.05382365637 3.14)
(0 0.05838427426 3.14)
(1.57 0.05838427426 3.14)
(3.14 0.05838427426 3.14)
(4.71 0.05838427426 3.14)
(6.28 0.05838427426 3.14)
(0 0.06305270333 3.14)
(1.57 0.06305270333 3.14)
(3.14 0.06305270333 3.14)
(4.71 0.06305270333 3.14)
(6.28 0.06305270333 3.14)
(0 0.0678314922 3.14)
(1.57 0.0678314922 3.14)
(3.14 0.0678314922 3.14)
(4.71 0.0678314922 3.14)
(6.28 0.0678314922 3.14)
(0 0.07272324972 3.14)
(1.57 0.07272324972 3.14)
(3.14 0.07272324972 3.14)
(4.71 0.07272324972 3.14)
(6.28 0.07272324972 3.14)
(0 0.07773064644 3.14)
(1.57 0.07773064644 3.14)
(3.14 0.07773064644 3.14)
(4.71 0.07773064644 3.14)
(6.28 0.07773064644 3.14)
(0 0.08285641601 3.14)
(1.57 0.08285641601 3.14)
(3.14 0.08285641601 3.14)
(4.71 0.08285641601 3.14)
(6.28 0.08285641601 3.14)
(0 0.08810335672 3.14)
(1.57 0.08810335672 3.14)
(3.14 0.08810335672 3.14)
(4.71 0.08810335672 3.14)
(6.28 0.08810335672 3.14)
(0 0.09347433302 3.14)
(1.57 0.09347433302 3.14)
(3.14 0.09347433302 3.14)
(4.71 0.09347433302 3.14)
(6.28 0.09347433302 3.14)
(0 0.09897227705 3.14)
(1.57 0.09897227705 3.14)
(3.14 0.09897227705 3.14)
(4.71 0.09897227705 3.14)
(6.28 0.09897227705 3.14)
(0 0.1046001903 3.14)
(1.57 0.1046001903 3.14)
(3.14 0.1046001903 3.14)
(4.71 0.1046001903 3.14)
(6.28 0.1046001903 3.14)
(0 0.1103611451 3.14)
(1.57 0.1103611451 3.14)
(3.14 0.1103611451 3.14)
(4.71 0.1103611451 3.14)
(6.28 0.1103611451 3.14)
(0 0.1162582866 3.14)
(1.57 0.1162582866 3.14)
(3.14 0.1162582866 3.14)
(4.71 0.1162582866 3.14)
(6.28 0.1162582866 3.14)
(0 0.1222948342 3.14)
(1.57 0.1222948342 3.14)
(3.14 0.1222948342 3.14)
(4.71 0.1222948342 3.14)
(6.28 0.1222948342 3.14)
(0 0.1284740834 3.14)
(1.57 0.1284740834 3.14)
(3.14 0.1284740834 3.14)
(4.71 0.1284740834 3.14)
(6.28 0.1284740834 3.14)
(0 0.1347994075 3.14)
(1.57 0.1347994075 3.14)
(3.14 0.1347994075 3.14)
(4.71 0.1347994075 3.14)
(6.28 0.1347994075 3.14)
(0 0.1412742598 3.14)
(1.57 0.1412742598 3.14)
(3.14 0.1412742598 3.14)
(4.71 0.1412742598 3.14)
(6.28 0.1412742598 3.14)
(0 0.147902175 3.14)
(1.57 0.147902175 3.14)
(3.14 0.147902175 3.14)
(4.71 0.147902175 3.14)
(6.28 0.147902175 3.14)
(0 0.1546867714 3.14)
(1.57 0.1546867714 3.14)
(3.14 0.1546867714 3.14)
(4.71 0.1546867714 3.14)
(6.28 0.1546867714 3.14)
(0 0.161631753 3.14)
(1.57 0.161631753 3.14)
(3.14 0.161631753 3.14)
(4.71 0.161631753 3.14)
(6.28 0.161631753 3.14)
(0 0.1687409112 3.14)
(1.57 0.1687409112 3.14)
(3.14 0.1687409112 3.14)
(4.71 0.1687409112 3.14)
(6.28 0.1687409112 3.14)
(0 0.176018127 3.14)
(1.57 0.176018127 3.14)
(3.14 0.176018127 3.14)
(4.71 0.176018127 3.14)
(6.28 0.176018127 3.14)
(0 0.1834673733 3.14)
(1.57 0.1834673733 3.14)
(3.14 0.1834673733 3.14)
(4.71 0.1834673733 3.14)
(6.28 0.1834673733 3.14)
(0 0.1910927169 3.14)
(1.57 0.1910927169 3.14)
(3.14 0.1910927169 3.14)
(4.71 0.1910927169 3.14)
(6.28 0.1910927169 3.14)
(0 0.1988983205 3.14)
(1.57 0.1988983205 3.14)
(3.14 0.1988983205 3.14)
(4.71 0.1988983205 3.14)
(6.28 0.1988983205 3.14)
(0 0.2068884454 3.14)
(1.57 0.2068884454 3.14)
(3.14 0.2068884454 3.14)
(4.71 0.2068884454 3.14)
(6.28 0.2068884454 3.14)
(0 0.2150674537 3.14)
(1.57 0.2150674537 3.14)
(3.14 0.2150674537 3.14)
(4.71 0.2150674537 3.14)
(6.28 0.2150674537 3.14)
(0 0.2234398105 3.14)
(1.57 0.2234398105 3.14)
(3.14 0.2234398105 3.14)
(4.71 0.2234398105 3.14)
(6.28 0.2234398105 3.14)
(0 0.2320100864 3.14)
(1.57 0.2320100864 3.14)
(3.14 0.2320100864 3.14)
(4.71 0.2320100864 3.14)
(6.28 0.2320100864 3.14)
(0 0.2407829603 3.14)
(1.57 0.2407829603 3.14)
(3.14 0.2407829603 3.14)
(4.71 0.2407829603 3.14)
(6.28 0.2407829603 3.14)
(0 0.2497632214 3.14)
(1.57 0.2497632214 3.14)
(3.14 0.2497632214 3.14)
(4.71 0.2497632214 3.14)
(6.28 0.2497632214 3.14)
(0 0.2589557722 3.14)
(1.57 0.2589557722 3.14)
(3.14 0.2589557722 3.14)
(4.71 0.2589557722 3.14)
(6.28 0.2589557722 3.14)
(0 0.2683656313 3.14)
(1.57 0.2683656313 3.14)
(3.14 0.2683656313 3.14)
(4.71 0.2683656313 3.14)
(6.28 0.2683656313 3.14)
(0 0.2779979357 3.14)
(1.57 0.2779979357 3.14)
(3.14 0.2779979357 3.14)
(4.71 0.2779979357 3.14)
(6.28 0.2779979357 3.14)
(0 0.2878579439 3.14)
(1.57 0.2878579439 3.14)
(3.14 0.2878579439 3.14)
(4.71 0.2878579439 3.14)
(6.28 0.2878579439 3.14)
(0 0.2979510388 3.14)
(1.57 0.2979510388 3.14)
(3.14 0.2979510388 3.14)
(4.71 0.2979510388 3.14)
(6.28 0.2979510388 3.14)
(0 0.3082827304 3.14)
(1.57 0.3082827304 3.14)
(3.14 0.3082827304 3.14)
(4.71 0.3082827304 3.14)
(6.28 0.3082827304 3.14)
(0 0.318858659 3.14)
(1.57 0.318858659 3.14)
(3.14 0.318858659 3.14)
(4.71 0.318858659 3.14)
(6.28 0.318858659 3.14)
(0 0.3296845984 3.14)
(1.57 0.3296845984 3.14)
(3.14 0.3296845984 3.14)
(4.71 0.3296845984 3.14)
(6.28 0.3296845984 3.14)
(0 0.3407664587 3.14)
(1.57 0.3407664587 3.14)
(3.14 0.3407664587 3.14)
(4.71 0.3407664587 3.14)
(6.28 0.3407664587 3.14)
(0 0.3521102897 3.14)
(1.57 0.3521102897 3.14)
(3.14 0.3521102897 3.14)
(4.71 0.3521102897 3.14)
(6.28 0.3521102897 3.14)
(0 0.3637222843 3.14)
(1.57 0.3637222843 3.14)
(3.14 0.3637222843 3.14)
(4.71 0.3637222843 3.14)
(6.28 0.3637222843 3.14)
(0 0.3756087818 3.14)
(1.57 0.3756087818 3.14)
(3.14 0.3756087818 3.14)
(4.71 0.3756087818 3.14)
(6.28 0.3756087818 3.14)
(0 0.3877762714 3.14)
(1.57 0.3877762714 3.14)
(3.14 0.3877762714 3.14)
(4.71 0.3877762714 3.14)
(6.28 0.3877762714 3.14)
(0 0.4002313956 3.14)
(1.57 0.4002313956 3.14)
(3.14 0.4002313956 3.14)
(4.71 0.4002313956 3.14)
(6.28 0.4002313956 3.14)
(0 0.4129809539 3.14)
(1.57 0.4129809539 3.14)
(3.14 0.4129809539 3.14)
(4.71 0.4129809539 3.14)
(6.28 0.4129809539 3.14)
(0 0.4260319067 3.14)
(1.57 0.4260319067 3.14)
(3.14 0.4260319067 3.14)
(4.71 0.4260319067 3.14)
(6.28 0.4260319067 3.14)
(0 0.4393913788 3.14)
(1.57 0.4393913788 3.14)
(3.14 0.4393913788 3.14)
(4.71 0.4393913788 3.14)
(6.28 0.4393913788 3.14)
(0 0.4530666635 3.14)
(1.57 0.4530666635 3.14)
(3.14 0.4530666635 3.14)
(4.71 0.4530666635 3.14)
(6.28 0.4530666635 3.14)
(0 0.4670652265 3.14)
(1.57 0.4670652265 3.14)
(3.14 0.4670652265 3.14)
(4.71 0.4670652265 3.14)
(6.28 0.4670652265 3.14)
(0 0.4813947098 3.14)
(1.57 0.4813947098 3.14)
(3.14 0.4813947098 3.14)
(4.71 0.4813947098 3.14)
(6.28 0.4813947098 3.14)
(0 0.4960629365 3.14)
(1.57 0.4960629365 3.14)
(3.14 0.4960629365 3.14)
(4.71 0.4960629365 3.14)
(6.28 0.4960629365 3.14)
(0 0.5110779141 3.14)
(1.57 0.5110779141 3.14)
(3.14 0.5110779141 3.14)
(4.71 0.5110779141 3.14)
(6.28 0.5110779141 3.14)
(0 0.5264478398 3.14)
(1.57 0.5264478398 3.14)
(3.14 0.5264478398 3.14)
(4.71 0.5264478398 3.14)
(6.28 0.5264478398 3.14)
(0 0.5421811044 3.14)
(1.57 0.5421811044 3.14)
(3.14 0.5421811044 3.14)
(4.71 0.5421811044 3.14)
(6.28 0.5421811044 3.14)
(0 0.5582862971 3.14)
(1.57 0.5582862971 3.14)
(3.14 0.5582862971 3.14)
(4.71 0.5582862971 3.14)
(6.28 0.5582862971 3.14)
(0 0.5747722102 3.14)
(1.57 0.5747722102 3.14)
(3.14 0.5747722102 3.14)
(4.71 0.5747722102 3.14)
(6.28 0.5747722102 3.14)
(0 0.5916478436 3.14)
(1.57 0.5916478436 3.14)
(3.14 0.5916478436 3.14)
(4.71 0.5916478436 3.14)
(6.28 0.5916478436 3.14)
(0 0.6089224102 3.14)
(1.57 0.6089224102 3.14)
(3.14 0.6089224102 3.14)
(4.71 0.6089224102 3.14)
(6.28 0.6089224102 3.14)
(0 0.6266053407 3.14)
(1.57 0.6266053407 3.14)
(3.14 0.6266053407 3.14)
(4.71 0.6266053407 3.14)
(6.28 0.6266053407 3.14)
(0 0.6447062886 3.14)
(1.57 0.6447062886 3.14)
(3.14 0.6447062886 3.14)
(4.71 0.6447062886 3.14)
(6.28 0.6447062886 3.14)
(0 0.6632351356 3.14)
(1.57 0.6632351356 3.14)
(3.14 0.6632351356 3.14)
(4.71 0.6632351356 3.14)
(6.28 0.6632351356 3.14)
(0 0.6822019972 3.14)
(1.57 0.6822019972 3.14)
(3.14 0.6822019972 3.14)
(4.71 0.6822019972 3.14)
(6.28 0.6822019972 3.14)
(0 0.7016172278 3.14)
(1.57 0.7016172278 3.14)
(3.14 0.7016172278 3.14)
(4.71 0.7016172278 3.14)
(6.28 0.7016172278 3.14)
(0 0.7214914267 3.14)
(1.57 0.7214914267 3.14)
(3.14 0.7214914267 3.14)
(4.71 0.7214914267 3.14)
(6.28 0.7214914267 3.14)
(0 0.7418354437 3.14)
(1.57 0.7418354437 3.14)
(3.14 0.7418354437 3.14)
(4.71 0.7418354437 3.14)
(6.28 0.7418354437 3.14)
(0 0.7626603852 3.14)
(1.57 0.7626603852 3.14)
(3.14 0.7626603852 3.14)
(4.71 0.7626603852 3.14)
(6.28 0.7626603852 3.14)
(0 0.7839776199 3.14)
(1.57 0.7839776199 3.14)
(3.14 0.7839776199 3.14)
(4.71 0.7839776199 3.14)
(6.28 0.7839776199 3.14)
(0 0.8057987856 3.14)
(1.57 0.8057987856 3.14)
(3.14 0.8057987856 3.14)
(4.71 0.8057987856 3.14)
(6.28 0.8057987856 3.14)
(0 0.8281357949 3.14)
(1.57 0.8281357949 3.14)
(3.14 0.8281357949 3.14)
(4.71 0.8281357949 3.14)
(6.28 0.8281357949 3.14)
(0 0.8510008421 3.14)
(1.57 0.8510008421 3.14)
(3.14 0.8510008421 3.14)
(4.71 0.8510008421 3.14)
(6.28 0.8510008421 3.14)
(0 0.8744064099 3.14)
(1.57 0.8744064099 3.14)
(3.14 0.8744064099 3.14)
(4.71 0.8744064099 3.14)
(6.28 0.8744064099 3.14)
(0 0.898365276 3.14)
(1.57 0.898365276 3.14)
(3.14 0.898365276 3.14)
(4.71 0.898365276 3.14)
(6.28 0.898365276 3.14)
(0 0.9228905201 3.14)
(1.57 0.9228905201 3.14)
(3.14 0.9228905201 3.14)
(4.71 0.9228905201 3.14)
(6.28 0.9228905201 3.14)
(0 0.9479955312 3.14)
(1.57 0.9479955312 3.14)
(3.14 0.9479955312 3.14)
(4.71 0.9479955312 3.14)
(6.28 0.9479955312 3.14)
(0 0.9736940146 3.14)
(1.57 0.9736940146 3.14)
(3.14 0.9736940146 3.14)
(4.71 0.9736940146 3.14)
(6.28 0.9736940146 3.14)
(0 1 3.14)
(1.57 1 3.14)
(3.14 1 3.14)
(4.71 1 3.14)
(6.28 1 3.14)
(0 1.026305985 0)
(1.57 1.026305985 0)
(3.14 1.026305985 0)
(4.71 1.026305985 0)
(6.28 1.026305985 0)
(0 1.052004469 0)
(1.57 1.052004469 0)
(3.14 1.052004469 0)
(4.71 1.052004469 0)
(6.28 1.052004469 0)
(0 1.07710948 0)
(1.57 1.07710948 0)
(3.14 1.07710948 0)
(4.71 1.07710948 0)
(6.28 1.07710948 0)
(0 1.101634724 0)
(1.57 1.101634724 0)
(3.14 1.101634724 0)
(4.71 1.101634724 0)
(6.28 1.101634724 0)
(0 1.12559359 0)
(1.57 1.12559359 0)
(3.14 1.12559359 0)
(4.71 1.12559359 0)
(6.28 1.12559359 0)
(0 1.148999158 0)
(1.57 1.148999158 0)
(3.14 1.148999158 0)
(4.71 1.148999158 0)
(6.28 1.148999158 0)
(0 1.171864205 0)
(1.57 1.171864205 0)
(3.14 1.171864205 0)
(4.71 1.171864205 0)
(6.28 1.171864205 0)
(0 1.194201214 0)
(1.57 1.194201214 0)
(3.14 1.194201214 0)
(4.71 1.194201214 0)
(6.28 1.194201214 0)
(0 1.21602238 0)
(1.57 1.21602238 0)
(3.14 1.21602238 0)
(4.71 1.21602238 0)
(6.28 1.21602238 0)
(0 1.237339615 0)
(1.57 1.237339615 0)
(3.14 1.237339615 0)
(4.71 1.237339615 0)
(6.28 1.237339615 0)
(0 1.258164556 0)
(1.57 1.258164556 0)
(3.14 1.258164556 0)
(4.71 1.258164556 0)
(6.28 1.258164556 0)
(0 1.278508573 0)
(1.57 1.278508573 0)
(3.14 1.278508573 0)
(4.71 1.278508573 0)
(6.28 1.278508573 0)
(0 1.298382772 0)
(1.57 1.298382772 0)
(3.14 1.298382772 0)
(4.71 1.298382772 0)
(6.28 1.298382772 0)
(0 1.317798003 0)
(1.57 1.317798003 0)
(3.14 1.317798003 0)
(4.71 1.317798003 0)
(6.28 1.317798003 0)
(0 1.336764864 0)
(1.57 1.336764864 0)
(3.14 1.336764864 0)
(4.71 1.336764864 0)
(6.28 1.336764864 0)
(0 1.355293711 0)
(1.57 1.355293711 0)
(3.14 1.355293711 0)
(4.71 1.355293711 0)
(6.28 1.355293711 0)
(0 1.373394659 0)
(1.57 1.373394659 0)
(3.14 1.373394659 0)
(4.71 1.373394659 0)
(6.28 1.373394659 0)
(0 1.39107759 0)
(1.57 1.39107759 0)
(3.14 1.39107759 0)
(4.71 1.39107759 0)
(6.28 1.39107759 0)
(0 1.408352156 0)
(1.57 1.408352156 0)
(3.14 1.408352156 0)
(4.71 1.408352156 0)
(6.28 1.408352156 0)
(0 1.42522779 0)
(1.57 1.42522779 0)
(3.14 1.42522779 0)
(4.71 1.42522779 0)
(6.28 1.42522779 0)
(0 1.441713703 0)
(1.57 1.441713703 0)
(3.14 1.441713703 0)
(4.71 1.441713703 0)
(6.28 1.441713703 0)
(0 1.457818896 0)
(1.57 1.457818896 0)
(3.14 1.457818896 0)
(4.71 1.457818896 0)
(6.28 1.457818896 0)
(0 1.47355216 0)
(1.57 1.47355216 0)
(3.14 1.47355216 0)
(4.71 1.47355216 0)
(6.28 1.47355216 0)
(0 1.488922086 0)
(1.57 1.488922086 0)
(3.14 1.488922086 0)
(4.71 1.488922086 0)
(6.28 1.488922086 0)
(0 1.503937064 0)
(1.57 1.503937064 0)
(3.14 1.503937064 0)
(4.71 1.503937064 0)
(6.28 1.503937064 0)
(0 1.51860529 0)
(1.57 1.51860529 0)
(3.14 1.51860529 0)
(4.71 1.51860529 0)
(6.28 1.51860529 0)
(0 1.532934774 0)
(1.57 1.532934774 0)
(3.14 1.532934774 0)
(4.71 1.532934774 0)
(6.28 1.532934774 0)
(0 1.546933336 0)
(1.57 1.546933336 0)
(3.14 1.546933336 0)
(4.71 1.546933336 0)
(6.28 1.546933336 0)
(0 1.560608621 0)
(1.57 1.560608621 0)
(3.14 1.560608621 0)
(4.71 1.560608621 0)
(6.28 1.560608621 0)
(0 1.573968093 0)
(1.57 1.573968093 0)
(3.14 1.573968093 0)
(4.71 1.573968093 0)
(6.28 1.573968093 0)
(0 1.587019046 0)
(1.57 1.587019046 0)
(3.14 1.587019046 0)
(4.71 1.587019046 0)
(6.28 1.587019046 0)
(0 1.599768604 0)
(1.57 1.599768604 0)
(3.14 1.599768604 0)
(4.71 1.599768604 0)
(6.28 1.599768604 0)
(0 1.612223729 0)
(1.57 1.612223729 0)
(3.14 1.612223729 0)
(4.71 1.612223729 0)
(6.28 1.612223729 0)
(0 1.624391218 0)
(1.57 1.624391218 0)
(3.14 1.624391218 0)
(4.71 1.624391218 0)
(6.28 1.624391218 0)
(0 1.636277716 0)
(1.57 1.636277716 0)
(3.14 1.636277716 0)
(4.71 1.636277716 0)
(6.28 1.636277716 0)
(0 1.64788971 0)
(1.57 1.64788971 0)
(3.14 1.64788971 0)
(4.71 1.64788971 0)
(6.28 1.64788971 0)
(0 1.659233541 0)
(1.57 1.659233541 0)
(3.14 1.659233541 0)
(4.71 1.659233541 0)
(6.28 1.659233541 0)
(0 1.670315402 0)
(1.57 1.670315402 0)
(3.14 1.670315402 0)
(4.71 1.670315402 0)
(6.28 1.670315402 0)
(0 1.681141341 0)
(1.57 1.681141341 0)
(3.14 1.681141341 0)
(4.71 1.681141341 0)
(6.28 1.681141341 0)
(0 1.69171727 0)
(1.57 1.69171727 0)
(3.14 1.69171727 0)
(4.71 1.69171727 0)
(6.28 1.69171727 0)
(0 1.702048961 0)
(1.57 1.702048961 0)
(3.14 1.702048961 0)
(4.71 1.702048961 0)
(6.28 1.702048961 0)
(0 1.712142056 0)
(1.57 1.712142056 0)
(3.14 1.712142056 0)
(4.71 1.712142056 0)
(6.28 1.712142056 0)
(0 1.722002064 0)
(1.57 1.722002064 0)
(3.14 1.722002064 0)
(4.71 1.722002064 0)
(6.28 1.722002064 0)
(0 1.731634369 0)
(1.57 1.731634369 0)
(3.14 1.731634369 0)
(4.71 1.731634369 0)
(6.28 1.731634369 0)
(0 1.741044228 0)
(1.57 1.741044228 0)
(3.14 1.741044228 0)
(4.71 1.741044228 0)
(6.28 1.741044228 0)
(0 1.750236779 0)
(1.57 1.750236779 0)
(3.14 1.750236779 0)
(4.71 1.750236779 0)
(6.28 1.750236779 0)
(0 1.75921704 0)
(1.57 1.75921704 0)
(3.14 1.75921704 0)
(4.71 1.75921704 0)
(6.28 1.75921704 0)
(0 1.767989914 0)
(1.57 1.767989914 0)
(3.14 1.767989914 0)
(4.71 1.767989914 0)
(6.28 1.767989914 0)
(0 1.77656019 0)
(1.57 1.77656019 0)
(3.14 1.77656019 0)
(4.71 1.77656019 0)
(6.28 1.77656019 0)
(0 1.784932546 0)
(1.57 1.784932546 0)
(3.14 1.784932546 0)
(4.71 1.784932546 0)
(6.28 1.784932546 0)
(0 1.793111555 0)
(1.57 1.793111555 0)
(3.14 1.793111555 0)
(4.71 1.793111555 0)
(6.28 1.793111555 0)
(0 1.80110168 0)
(1.57 1.80110168 0)
(3.14 1.80110168 0)
(4.71 1.80110168 0)
(6.28 1.80110168 0)
(0 1.808907283 0)
(1.57 1.808907283 0)
(3.14 1.808907283 0)
(4.71 1.808907283 0)
(6.28 1.808907283 0)
(0 1.816532627 0)
(1.57 1.816532627 0)
(3.14 1.816532627 0)
(4.71 1.816532627 0)
(6.28 1.816532627 0)
(0 1.823981873 0)
(1.57 1.823981873 0)
(3.14 1.823981873 0)
(4.71 1.823981873 0)
(6.28 1.823981873 0)
(0 1.831259089 0)
(1.57 1.831259089 0)
(3.14 1.831259089 0)
(4.71 1.831259089 0)
(6.28 1.831259089 0)
(0 1.838368247 0)
(1.57 1.838368247 0)
(3.14 1.838368247 0)
(4.71 1.838368247 0)
(6.28 1.838368247 0)
(0 1.845313229 0)
(1.57 1.845313229 0)
(3.14 1.845313229 0)
(4.71 1.845313229 0)
(6.28 1.845313229 0)
(0 1.852097825 0)
(1.57 1.852097825 0)
(3.14 1.852097825 0)
(4.71 1.852097825 0)
(6.28 1.852097825 0)
(0 1.85872574 0)
(1.57 1.85872574 0)
(3.14 1.85872574 0)
(4.71 1.85872574 0)
(6.28 1.85872574 0)
(0 1.865200592 0)
(1.57 1.865200592 0)
(3.14 1.865200592 0)
(4.71 1.865200592 0)
(6.28 1.865200592 0)
(0 1.871525917 0)
(1.57 1.871525917 0)
(3.14 1.871525917 0)
(4.71 1.871525917 0)
(6.28 1.871525917 0)
(0 1.877705166 0)
(1.57 1.877705166 0)
(3.14 1.877705166 0)
(4.71 1.877705166 0)
(6.28 1.877705166 0)
(0 1.883741713 0)
(1.57 1.883741713 0)
(3.14 1.883741713 0)
(4.71 1.883741713 0)
(6.28 1.883741713 0)
(0 1.889638855 0)
(1.57 1.889638855 0)
(3.14 1.889638855 0)
(4.71 1.889638855 0)
(6.28 1.889638855 0)
(0 1.89539981 0)
(1.57 1.89539981 0)
(3.14 1.89539981 0)
(4.71 1.89539981 0)
(6.28 1.89539981 0)
(0 1.901027723 0)
(1.57 1.901027723 0)
(3.14 1.901027723 0)
(4.71 1.901027723 0)
(6.28 1.901027723 0)
(0 1.906525667 0)
(1.57 1.906525667 0)
(3.14 1.906525667 0)
(4.71 1.906525667 0)
(6.28 1.906525667 0)
(0 1.911896643 0)
(1.57 1.911896643 0)
(3.14 1.911896643 0)
(4.71 1.911896643 0)
(6.28 1.911896643 0)
(0 1.917143584 0)
(1.57 1.917143584 0)
(3.14 1.917143584 0)
(4.71 1.917143584 0)
(6.28 1.917143584 0)
(0 1.922269354 0)
(1.57 1.922269354 0)
(3.14 1.922269354 0)
(4.71 1.922269354 0)
(6.28 1.922269354 0)
(0 1.92727675 0)
(1.57 1.92727675 0)
(3.14 1.92727675 0)
(4.71 1.92727675 0)
(6.28 1.92727675 0)
(0 1.932168508 0)
(1.57 1.932168508 0)
(3.14 1.932168508 0)
(4.71 1.932168508 0)
(6.28 1.932168508 0)
(0 1.936947297 0)
(1.57 1.936947297 0)
(3.14 1.936947297 0)
(4.71 1.936947297 0)
(6.28 1.936947297 0)
(0 1.941615726 0)
(1.57 1.941615726 0)
(3.14 1.941615726 0)
(4.71 1.941615726 0)
(6.28 1.941615726 0)
(0 1.946176344 0)
(1.57 1.946176344 0)
(3.14 1.946176344 0)
(4.71 1.946176344 0)
(6.28 1.946176344 0)
(0 1.95063164 0)
(1.57 1.95063164 0)
(3.14 1.95063164 0)
(4.71 1.95063164 0)
(6.28 1.95063164 0)
(0 1.954984047 0)
(1.57 1.954984047 0)
(3.14 1.954984047 0)
(4.71 1.954984047 0)
(6.28 1.954984047 0)
(0 1.959235942 0)
(1.57 1.959235942 0)
(3.14 1.959235942 0)
(4.71 1.959235942 0)
(6.28 1.959235942 0)
(0 1.963389644 0)
(1.57 1.963389644 0)
(3.14 1.963389644 0)
(4.71 1.963389644 0)
(6.28 1.963389644 0)
(0 1.967447422 0)
(1.57 1.967447422 0)
(3.14 1.967447422 0)
(4.71 1.967447422 0)
(6.28 1.967447422 0)
(0 1.971411491 0)
(1.57 1.971411491 0)
(3.14 1.971411491 0)
(4.71 1.971411491 0)
(6.28 1.971411491 0)
(0 1.975284015 0)
(1.57 1.975284015 0)
(3.14 1.975284015 0)
(4.71 1.975284015 0)
(6.28 1.975284015 0)
(0 1.979067109 0)
(1.57 1.979067109 0)
(3.14 1.979067109 0)
(4.71 1.979067109 0)
(6.28 1.979067109 0)
(0 1.982762836 0)
(1.57 1.982762836 0)
(3.14 1.982762836 0)
(4.71 1.982762836 0)
(6.28 1.982762836 0)
(0 1.986373216 0)
(1.57 1.986373216 0)
(3.14 1.986373216 0)
(4.71 1.986373216 0)
(6.28 1.986373216 0)
(0 1.989900219 0)
(1.57 1.989900219 0)
(3.14 1.989900219 0)
(4.71 1.989900219 0)
(6.28 1.989900219 0)
(0 1.993345771 0)
(1.57 1.993345771 0)
(3.14 1.993345771 0)
(4.71 1.993345771 0)
(6.28 1.993345771 0)
(0 1.996711752 0)
(1.57 1.996711752 0)
(3.14 1.996711752 0)
(4.71 1.996711752 0)
(6.28 1.996711752 0)
(0 2 0)
(1.57 2 0)
(3.14 2 0)
(4.71 2 0)
(6.28 2 0)
(0 1.026305985 3.14)
(1.57 1.026305985 3.14)
(3.14 1.026305985 3.14)
(4.71 1.026305985 3.14)
(6.28 1.026305985 3.14)
(0 1.052004469 3.14)
(1.57 1.052004469 3.14)
(3.14 1.052004469 3.14)
(4.71 1.052004469 3.14)
(6.28 1.052004469 3.14)
(0 1.07710948 3.14)
(1.57 1.07710948 3.14)
(3.14 1.07710948 3.14)
(4.71 1.07710948 3.14)
(6.28 1.07710948 3.14)
(0 1.101634724 3.14)
(1.57 1.101634724 3.14)
(3.14 1.101634724 3.14)
(4.71 1.101634724 3.14)
(6.28 1.101634724 3.14)
(0 1.12559359 3.14)
(1.57 1.12559359 3.14)
(3.14 1.12559359 3.14)
(4.71 1.12559359 3.14)
(6.28 1.12559359 3.14)
(0 1.148999158 3.14)
(1.57 1.148999158 3.14)
(3.14 1.148999158 3.14)
(4.71 1.148999158 3.14)
(6.28 1.148999158 3.14)
(0 1.171864205 3.14)
(1.57 1.171864205 3.14)
(3.14 1.171864205 3.14)
(4.71 1.171864205 3.14)
(6.28 1.171864205 3.14)
(0 1.194201214 3.14)
(1.57 1.194201214 3.14)
(3.14 1.194201214 3.14)
(4.71 1.194201214 3.14)
(6.28 1.194201214 3.14)
(0 1.21602238 3.14)
(1.57 1.21602238 3.14)
(3.14 1.21602238 3.14)
(4.71 1.21602238 3.14)
(6.28 1.21602238 3.14)
(0 1.237339615 3.14)
(1.57 1.237339615 3.14)
(3.14 1.237339615 3.14)
(4.71 1.237339615 3.14)
(6.28 1.237339615 3.14)
(0 1.258164556 3.14)
(1.57 1.258164556 3.14)
(3.14 1.258164556 3.14)
(4.71 1.258164556 3.14)
(6.28 1.258164556 3.14)
(0 1.278508573 3.14)
(1.57 1.278508573 3.14)
(3.14 1.278508573 3.14)
(4.71 1.278508573 3.14)
(6.28 1.278508573 3.14)
(0 1.298382772 3.14)
(1.57 1.298382772 3.14)
(3.14 1.298382772 3.14)
(4.71 1.298382772 3.14)
(6.28 1.298382772 3.14)
(0 1.317798003 3.14)
(1.57 1.317798003 3.14)
(3.14 1.317798003 3.14)
(4.71 1.317798003 3.14)
(6.28 1.317798003 3.14)
(0 1.336764864 3.14)
(1.57 1.336764864 3.14)
(3.14 1.336764864 3.14)
(4.71 1.336764864 3.14)
(6.28 1.336764864 3.14)
(0 1.355293711 3.14)
(1.57 1.355293711 3.14)
(3.14 1.355293711 3.14)
(4.71 1.355293711 3.14)
(6.28 1.355293711 3.14)
(0 1.373394659 3.14)
(1.57 1.373394659 3.14)
(3.14 1.373394659 3.14)
(4.71 1.373394659 3.14)
(6.28 1.373394659 3.14)
(0 1.39107759 3.14)
(1.57 1.39107759 3.14)
(3.14 1.39107759 3.14)
(4.71 1.39107759 3.14)
(6.28 1.39107759 3.14)
(0 1.408352156 3.14)
(1.57 1.408352156 3.14)
(3.14 1.408352156 3.14)
(4.71 1.408352156 3.14)
(6.28 1.408352156 3.14)
(0 1.42522779 3.14)
(1.57 1.42522779 3.14)
(3.14 1.42522779 3.14)
(4.71 1.42522779 3.14)
(6.28 1.42522779 3.14)
(0 1.441713703 3.14)
(1.57 1.441713703 3.14)
(3.14 1.441713703 3.14)
(4.71 1.441713703 3.14)
(6.28 1.441713703 3.14)
(0 1.457818896 3.14)
(1.57 1.457818896 3.14)
(3.14 1.457818896 3.14)
(4.71 1.457818896 3.14)
(6.28 1.457818896 3.14)
(0 1.47355216 3.14)
(1.57 1.47355216 3.14)
(3.14 1.47355216 3.14)
(4.71 1.47355216 3.14)
(6.28 1.47355216 3.14)
(0 1.488922086 3.14)
(1.57 1.488922086 3.14)
(3.14 1.488922086 3.14)
(4.71 1.488922086 3.14)
(6.28 1.488922086 3.14)
(0 1.503937064 3.14)
(1.57 1.503937064 3.14)
(3.14 1.503937064 3.14)
(4.71 1.503937064 3.14)
(6.28 1.503937064 3.14)
(0 1.51860529 3.14)
(1.57 1.51860529 3.14)
(3.14 1.51860529 3.14)
(4.71 1.51860529 3.14)
(6.28 1.51860529 3.14)
(0 1.532934774 3.14)
(1.57 1.532934774 3.14)
(3.14 1.532934774 3.14)
(4.71 1.532934774 3.14)
(6.28 1.532934774 3.14)
(0 1.546933336 3.14)
(1.57 1.546933336 3.14)
(3.14 1.546933336 3.14)
(4.71 1.546933336 3.14)
(6.28 1.546933336 3.14)
(0 1.560608621 3.14)
(1.57 1.560608621 3.14)
(3.14 1.560608621 3.14)
(4.71 1.560608621 3.14)
(6.28 1.560608621 3.14)
(0 1.573968093 3.14)
(1.57 1.573968093 3.14)
(3.14 1.573968093 3.14)
(4.71 1.573968093 3.14)
(6.28 1.573968093 3.14)
(0 1.587019046 3.14)
(1.57 1.587019046 3.14)
(3.14 1.587019046 3.14)
(4.71 1.587019046 3.14)
(6.28 1.587019046 3.14)
(0 1.599768604 3.14)
(1.57 1.599768604 3.14)
(3.14 1.599768604 3.14)
(4.71 1.599768604 3.14)
(6.28 1.599768604 3.14)
(0 1.612223729 3.14)
(1.57 1.612223729 3.14)
(3.14 1.612223729 3.14)
(4.71 1.612223729 3.14)
(6.28 1.612223729 3.14)
(0 1.624391218 3.14)
(1.57 1.624391218 3.14)
(3.14 1.624391218 3.14)
(4.71 1.624391218 3.14)
(6.28 1.624391218 3.14)
(0 1.636277716 3.14)
(1.57 1.636277716 3.14)
(3.14 1.636277716 3.14)
(4.71 1.636277716 3.14)
(6.28 1.636277716 3.14)
(0 1.64788971 3.14)
(1.57 1.64788971 3.14)
(3.14 1.64788971 3.14)
(4.71 1.64788971 3.14)
(6.28 1.64788971 3.14)
(0 1.659233541 3.14)
(1.57 1.659233541 3.14)
(3.14 1.659233541 3.14)
(4.71 1.659233541 3.14)
(6.28 1.659233541 3.14)
(0 1.670315402 3.14)
(1.57 1.670315402 3.14)
(3.14 1.670315402 3.14)
(4.71 1.670315402 3.14)
(6.28 1.670315402 3.14)
(0 1.681141341 3.14)
(1.57 1.681141341 3.14)
(3.14 1.681141341 3.14)
(4.71 1.681141341 3.14)
(6.28 1.681141341 3.14)
(0 1.69171727 3.14)
(1.57 1.69171727 3.14)
(3.14 1.69171727 3.14)
(4.71 1.69171727 3.14)
(6.28 1.69171727 3.14)
(0 1.702048961 3.14)
(1.57 1.702048961 3.14)
(3.14 1.702048961 3.14)
(4.71 1.702048961 3.14)
(6.28 1.702048961 3.14)
(0 1.712142056 3.14)
(1.57 1.712142056 3.14)
(3.14 1.712142056 3.14)
(4.71 1.712142056 3.14)
(6.28 1.712142056 3.14)
(0 1.722002064 3.14)
(1.57 1.722002064 3.14)
(3.14 1.722002064 3.14)
(4.71 1.722002064 3.14)
(6.28 1.722002064 3.14)
(0 1.731634369 3.14)
(1.57 1.731634369 3.14)
(3.14 1.731634369 3.14)
(4.71 1.731634369 3.14)
(6.28 1.731634369 3.14)
(0 1.741044228 3.14)
(1.57 1.741044228 3.14)
(3.14 1.741044228 3.14)
(4.71 1.741044228 3.14)
(6.28 1.741044228 3.14)
(0 1.750236779 3.14)
(1.57 1.750236779 3.14)
(3.14 1.750236779 3.14)
(4.71 1.750236779 3.14)
(6.28 1.750236779 3.14)
(0 1.75921704 3.14)
(1.57 1.75921704 3.14)
(3.14 1.75921704 3.14)
(4.71 1.75921704 3.14)
(6.28 1.75921704 3.14)
(0 1.767989914 3.14)
(1.57 1.767989914 3.14)
(3.14 1.767989914 3.14)
(4.71 1.767989914 3.14)
(6.28 1.767989914 3.14)
(0 1.77656019 3.14)
(1.57 1.77656019 3.14)
(3.14 1.77656019 3.14)
(4.71 1.77656019 3.14)
(6.28 1.77656019 3.14)
(0 1.784932546 3.14)
(1.57 1.784932546 3.14)
(3.14 1.784932546 3.14)
(4.71 1.784932546 3.14)
(6.28 1.784932546 3.14)
(0 1.793111555 3.14)
(1.57 1.793111555 3.14)
(3.14 1.793111555 3.14)
(4.71 1.793111555 3.14)
(6.28 1.793111555 3.14)
(0 1.80110168 3.14)
(1.57 1.80110168 3.14)
(3.14 1.80110168 3.14)
(4.71 1.80110168 3.14)
(6.28 1.80110168 3.14)
(0 1.808907283 3.14)
(1.57 1.808907283 3.14)
(3.14 1.808907283 3.14)
(4.71 1.808907283 3.14)
(6.28 1.808907283 3.14)
(0 1.816532627 3.14)
(1.57 1.816532627 3.14)
(3.14 1.816532627 3.14)
(4.71 1.816532627 3.14)
(6.28 1.816532627 3.14)
(0 1.823981873 3.14)
(1.57 1.823981873 3.14)
(3.14 1.823981873 3.14)
(4.71 1.823981873 3.14)
(6.28 1.823981873 3.14)
(0 1.831259089 3.14)
(1.57 1.831259089 3.14)
(3.14 1.831259089 3.14)
(4.71 1.831259089 3.14)
(6.28 1.831259089 3.14)
(0 1.838368247 3.14)
(1.57 1.838368247 3.14)
(3.14 1.838368247 3.14)
(4.71 1.838368247 3.14)
(6.28 1.838368247 3.14)
(0 1.845313229 3.14)
(1.57 1.845313229 3.14)
(3.14 1.845313229 3.14)
(4.71 1.845313229 3.14)
(6.28 1.845313229 3.14)
(0 1.852097825 3.14)
(1.57 1.852097825 3.14)
(3.14 1.852097825 3.14)
(4.71 1.852097825 3.14)
(6.28 1.852097825 3.14)
(0 1.85872574 3.14)
(1.57 1.85872574 3.14)
(3.14 1.85872574 3.14)
(4.71 1.85872574 3.14)
(6.28 1.85872574 3.14)
(0 1.865200592 3.14)
(1.57 1.865200592 3.14)
(3.14 1.865200592 3.14)
(4.71 1.865200592 3.14)
(6.28 1.865200592 3.14)
(0 1.871525917 3.14)
(1.57 1.871525917 3.14)
(3.14 1.871525917 3.14)
(4.71 1.871525917 3.14)
(6.28 1.871525917 3.14)
(0 1.877705166 3.14)
(1.57 1.877705166 3.14)
(3.14 1.877705166 3.14)
(4.71 1.877705166 3.14)
(6.28 1.877705166 3.14)
(0 1.883741713 3.14)
(1.57 1.883741713 3.14)
(3.14 1.883741713 3.14)
(4.71 1.883741713 3.14)
(6.28 1.883741713 3.14)
(0 1.889638855 3.14)
(1.57 1.889638855 3.14)
(3.14 1.889638855 3.14)
(4.71 1.889638855 3.14)
(6.28 1.889638855 3.14)
(0 1.89539981 3.14)
(1.57 1.89539981 3.14)
(3.14 1.89539981 3.14)
(4.71 1.89539981 3.14)
(6.28 1.89539981 3.14)
(0 1.901027723 3.14)
(1.57 1.901027723 3.14)
(3.14 1.901027723 3.14)
(4.71 1.901027723 3.14)
(6.28 1.901027723 3.14)
(0 1.906525667 3.14)
(1.57 1.906525667 3.14)
(3.14 1.906525667 3.14)
(4.71 1.906525667 3.14)
(6.28 1.906525667 3.14)
(0 1.911896643 3.14)
(1.57 1.911896643 3.14)
(3.14 1.911896643 3.14)
(4.71 1.911896643 3.14)
(6.28 1.911896643 3.14)
(0 1.917143584 3.14)
(1.57 1.917143584 3.14)
(3.14 1.917143584 3.14)
(4.71 1.917143584 3.14)
(6.28 1.917143584 3.14)
(0 1.922269354 3.14)
(1.57 1.922269354 3.14)
(3.14 1.922269354 3.14)
(4.71 1.922269354 3.14)
(6.28 1.922269354 3.14)
(0 1.92727675 3.14)
(1.57 1.92727675 3.14)
(3.14 1.92727675 3.14)
(4.71 1.92727675 3.14)
(6.28 1.92727675 3.14)
(0 1.932168508 3.14)
(1.57 1.932168508 3.14)
(3.14 1.932168508 3.14)
(4.71 1.932168508 3.14)
(6.28 1.932168508 3.14)
(0 1.936947297 3.14)
(1.57 1.936947297 3.14)
(3.14 1.936947297 3.14)
(4.71 1.936947297 3.14)
(6.28 1.936947297 3.14)
(0 1.941615726 3.14)
(1.57 1.941615726 3.14)
(3.14 1.941615726 3.14)
(4.71 1.941615726 3.14)
(6.28 1.941615726 3.14)
(0 1.946176344 3.14)
(1.57 1.946176344 3.14)
(3.14 1.946176344 3.14)
(4.71 1.946176344 3.14)
(6.28 1.946176344 3.14)
(0 1.95063164 3.14)
(1.57 1.95063164 3.14)
(3.14 1.95063164 3.14)
(4.71 1.95063164 3.14)
(6.28 1.95063164 3.14)
(0 1.954984047 3.14)
(1.57 1.954984047 3.14)
(3.14 1.954984047 3.14)
(4.71 1.954984047 3.14)
(6.28 1.954984047 3.14)
(0 1.959235942 3.14)
(1.57 1.959235942 3.14)
(3.14 1.959235942 3.14)
(4.71 1.959235942 3.14)
(6.28 1.959235942 3.14)
(0 1.963389644 3.14)
(1.57 1.963389644 3.14)
(3.14 1.963389644 3.14)
(4.71 1.963389644 3.14)
(6.28 1.963389644 3.14)
(0 1.967447422 3.14)
(1.57 1.967447422 3.14)
(3.14 1.967447422 3.14)
(4.71 1.967447422 3.14)
(6.28 1.967447422 3.14)
(0 1.971411491 3.14)
(1.57 1.971411491 3.14)
(3.14 1.971411491 3.14)
(4.71 1.971411491 3.14)
(6.28 1.971411491 3.14)
(0 1.975284015 3.14)
(1.57 1.975284015 3.14)
(3.14 1.975284015 3.14)
(4.71 1.975284015 3.14)
(6.28 1.975284015 3.14)
(0 1.979067109 3.14)
(1.57 1.979067109 3.14)
(3.14 1.979067109 3.14)
(4.71 1.979067109 3.14)
(6.28 1.979067109 3.14)
(0 1.982762836 3.14)
(1.57 1.982762836 3.14)
(3.14 1.982762836 3.14)
(4.71 1.982762836 3.14)
(6.28 1.982762836 3.14)
(0 1.986373216 3.14)
(1.57 1.986373216 3.14)
(3.14 1.986373216 3.14)
(4.71 1.986373216 3.14)
(6.28 1.986373216 3.14)
(0 1.989900219 3.14)
(1.57 1.989900219 3.14)
(3.14 1.989900219 3.14)
(4.71 1.989900219 3.14)
(6.28 1.989900219 3.14)
(0 1.993345771 3.14)
(1.57 1.993345771 3.14)
(3.14 1.993345771 3.14)
(4.71 1.993345771 3.14)
(6.28 1.993345771 3.14)
(0 1.996711752 3.14)
(1.57 1.996711752 3.14)
(3.14 1.996711752 3.14)
(4.71 1.996711752 3.14)
(6.28 1.996711752 3.14)
(0 2 3.14)
(1.57 2 3.14)
(3.14 2 3.14)
(4.71 2 3.14)
(6.28 2 3.14)
)


// ************************************************************************* //
